socialspy: false
timestamps:
  login: 1414990308383
  lastteleport: 1396282964163
  logout: 1414990345961
ipAddress: 222.205.59.249
lastlocation:
  world: world
  x: 55.09154375807118
  y: 73.0
  z: 109.00868534275575
  yaw: -102.15023
  pitch: 8.399991
logoutlocation:
  world: world
  x: 0.8427168369426283
  y: 73.0
  z: -46.103070150910064
  yaw: 106.807686
  pitch: 45.150143
afk: false
uuid: aac7236b-04a9-3773-af22-16244ec73c00
