uuid: 5414ba3f-2c77-334f-9dff-1d710a6ed08d
timestamps:
  login: 1416228072875
  logout: 1416228642827
ipAddress: 10.189.45.147
logoutlocation:
  world: world_nether
  x: 4.785272414004034
  y: 64.0
  z: -170.24013788260064
  yaw: 0.30131364
  pitch: 27.750086
