uuid: f1eab7a0-679d-3f14-938a-e4783c93e2b6
timestamps:
  login: 1416321939628
  logout: 1416324238449
ipAddress: 10.189.42.93
logoutlocation:
  world: world
  x: 337.26607963608416
  y: 68.0
  z: -544.841766422067
  yaw: -21.004395
  pitch: 70.499954
