socialspy: false
timestamps:
  login: 1395043760322
  logout: 1395044074595
ipAddress: 210.32.184.228
afk: false
logoutlocation:
  world: world
  x: -98.78743968559975
  y: 80.0
  z: -1120.8250961877222
  yaw: 272.60248
  pitch: 17.00808
