socialspy: false
timestamps:
  login: 1394551302195
  logout: 1394551852441
ipAddress: 222.205.0.181
logoutlocation:
  world: world_nether
  x: 2.876920991271898
  y: 64.0
  z: -137.76783113949656
  yaw: 84.018166
  pitch: 13.579996
