uuid: a97d7027-1ae1-3ce0-86e3-0fd135c5661e
timestamps:
  login: 1414054685983
  logout: 1414054720260
ipAddress: 222.205.116.133
logoutlocation:
  world: world
  x: 315.28400006003335
  y: 62.0
  z: -365.62794591918004
  yaw: 229.20296
  pitch: -37.650005
