uuid: 34ef389f-c6dc-320e-bf49-ba8b34c0607f
timestamps:
  login: 1414209292512
  logout: 1414209325158
ipAddress: 10.171.176.214
logoutlocation:
  world: world
  x: -223.6156626828468
  y: 11.0
  z: 5.608417949880617
  yaw: -155.84074
  pitch: 21.800663
