uuid: a14bf831-1bcf-3727-b787-bba0fce06bcf
timestamps:
  login: 1417245130662
  logout: 1417245148613
ipAddress: 210.32.185.58
logoutlocation:
  world: world
  x: 0.48993518487575194
  y: 68.0
  z: 0.5282877379399968
  yaw: 182.25212
  pitch: -1.2000246
