uuid: 73904bfb-d503-3802-95a3-272c326afbe5
timestamps:
  login: 1417685371059
  logout: 1417686704408
ipAddress: 10.76.8.52
logoutlocation:
  world: world
  x: 58.82199493476101
  y: 68.0
  z: 197.69999998807907
  yaw: -87.15002
  pitch: 20.399996
