uuid: 5c42f8d4-0707-3ca3-a288-f2e99f641caa
timestamps:
  login: 1414143171332
  logout: 1414143193825
ipAddress: 10.189.160.231
logoutlocation:
  world: world
  x: 0.48993518487575194
  y: 68.0
  z: 0.5282877379399968
  yaw: 184.10359
  pitch: 3.5550156
