uuid: 624e454c-6f86-3fdf-8c9c-14e8776035d4
timestamps:
  login: 1417091532627
  logout: 1417092934217
ipAddress: 10.189.194.79
logoutlocation:
  world: world_the_end
  x: -2.4354223074350663
  y: 64.76636799395752
  z: 25.712955844377326
  yaw: 3.4489746
  pitch: 33.599968
