uuid: 750353ef-f9fa-359c-acf0-53bf584e76a2
timestamps:
  login: 1412684404424
  logout: 1412684770033
ipAddress: 222.205.23.239
logoutlocation:
  world: world
  x: 90.23119176393469
  y: 67.0
  z: -167.7182279890735
  yaw: -65.78424
  pitch: 12.750005
money: '4'
