socialspy: false
uuid: 5e037fe3-27af-3c43-be5e-2289548bb9d7
timestamps:
  login: 1396155551393
  logout: 1396155797783
ipAddress: 10.180.50.132
logoutlocation:
  world: world
  x: -151.0357524012909
  y: 70.0
  z: -133.51326404899726
  yaw: -109.65015
  pitch: 4.5000215
