uuid: 99414867-a2aa-3113-92b5-e0a0eec99b09
timestamps:
  login: 1412396572558
  logout: 1412397152260
ipAddress: 10.76.0.122
afk: false
logoutlocation:
  world: world
  x: -25.783477880839555
  y: 68.0
  z: -11.413295788300813
  yaw: -184.94781
  pitch: -18.450016
