uuid: ba5c7dd4-8ef6-3b1c-a701-7d4ad7fd9aba
timestamps:
  login: 1406634709784
  logout: 1406634736926
ipAddress: 10.214.50.221
afk: false
logoutlocation:
  world: world
  x: 32.609404650070594
  y: 68.0
  z: -37.68910540739773
  yaw: 258.4522
  pitch: 7.94994
