uuid: 6d7e2bbb-2776-3d62-809e-a091ab243c38
timestamps:
  login: 1413381534086
  logout: 1413382586991
ipAddress: 210.32.191.94
logoutlocation:
  world: ZJU
  x: 134.73196463208075
  y: 69.81527656096887
  z: -18.329175711159806
  yaw: 224.69556
  pitch: 32.399857
