uuid: c6f934a6-6165-3d52-baa2-1ca4db7c97dd
timestamps:
  login: 1405502331235
  logout: 1405508099496
ipAddress: 10.171.178.23
logoutlocation:
  world: world
  x: -468.06195298302646
  y: 63.0
  z: 521.0640887037825
  yaw: 110.81641
  pitch: 0.9000435
afk: false
