uuid: 531d56b9-6c54-39a3-a3b5-142167a921f2
timestamps:
  login: 1417005530965
  logout: 1417006596981
ipAddress: 222.205.17.115
logoutlocation:
  world: world
  x: 4945.488128112625
  y: 68.0
  z: 5209.851706344173
  yaw: -18.150003
  pitch: 16.95
