socialspy: false
uuid: 241677ae-19ef-3d99-87f1-b2ebf0c42463
timestamps:
  login: 1411634207319
  logout: 1411634601412
  lastteleport: 1409557424028
ipAddress: 10.15.173.174
logoutlocation:
  world: world
  x: -28.233399554488862
  y: 80.0
  z: -124.95293590759718
  yaw: -222.89598
  pitch: 4.049988
afk: false
lastlocation:
  world: Resource
  x: 0.4649568006277489
  y: 204.0
  z: -0.02358177164695116
  yaw: 53.400093
  pitch: 26.69993
money: '708.0'
