uuid: 2d7af848-c642-300d-87f2-1df060406656
timestamps:
  login: 1411103868571
  logout: 1411103892795
ipAddress: 10.180.29.69
logoutlocation:
  world: world
  x: -90.76364941906853
  y: 68.0
  z: -83.69999998807907
  yaw: 192.42062
  pitch: 15.149948
