uuid: a2128fe2-4c77-3017-9a02-171c57c7d7cf
timestamps:
  login: 1411105676899
  logout: 1411105949147
ipAddress: 10.180.29.69
logoutlocation:
  world: world
  x: -379.1445297218429
  y: 63.0
  z: -251.64528995791383
  yaw: 25.652283
  pitch: 24.30001
