uuid: fca696ca-a650-3db0-8ed8-cff0a90210c6
timestamps:
  login: 1414239789827
  logout: 1414239794647
ipAddress: 10.214.129.124
logoutlocation:
  world: ZJU
  x: 53.15886404147878
  y: 65.0
  z: -50.19786365296109
  yaw: 63.910664
  pitch: 8.84999
