socialspy: false
timestamps:
  login: 1405052005323
  logout: 1405052091665
ipAddress: 222.205.106.101
logoutlocation:
  world: world
  x: 0.48993518487575194
  y: 68.0
  z: 0.5282877379399968
  yaw: 180.90215
  pitch: -3.3000247
uuid: fed5850d-b802-3666-ac5c-5af12888361d
