uuid: cabdef9d-7b07-3985-9ce6-22d56d01b1ac
timestamps:
  login: 1411124827465
  logout: 1411124829871
ipAddress: 10.180.21.205
logoutlocation:
  world: world
  x: 0.48993518487575194
  y: 68.0
  z: 0.5282877379399968
  yaw: 182.10214
  pitch: -3.4500246
