socialspy: false
timestamps:
  login: 1393493211106
  lastteleport: 1393493254366
  logout: 1393493321756
ipAddress: 210.32.164.55
lastlocation:
  world: world
  x: -3.701249486787799
  y: 73.0
  z: 0.1953639808566356
  yaw: 82.050095
  pitch: 2.249987
logoutlocation:
  world: world
  x: 31.42142315060766
  y: 70.0
  z: -34.46308572867524
  yaw: -94.80057
  pitch: 20.549965
