socialspy: false
uuid: 725e387c-56ae-3425-a2cf-0880aa0200c1
timestamps:
  login: 1396950921229
  logout: 1396950975400
ipAddress: 10.12.220.39
afk: false
logoutlocation:
  world: world
  x: 46.69669089759989
  y: 68.0
  z: 188.08359067661613
  yaw: -249.9016
  pitch: 45.899918
