uuid: 281e3f75-c6d2-31ef-9877-7b95ed5a3347
timestamps:
  login: 1412252437460
  logout: 1412252598235
ipAddress: 10.15.173.174
logoutlocation:
  world: world
  x: 3.94000291879178
  y: 68.0
  z: 0.2557970762473283
  yaw: 176.70134
  pitch: -0.30001408
