socialspy: false
timestamps:
  login: 1415367749218
  logout: 1415367759134
  lastteleport: 1414927007175
ipAddress: 10.190.65.158
logoutlocation:
  world: Resource
  x: -265.59252098315994
  y: 12.0
  z: -367.3398421436729
  yaw: -0.75127226
  pitch: 0.5008482
lastlocation:
  world: Resource
  x: -306.4466740190983
  y: 193.0
  z: -788.216065133922
  yaw: -356.10077
  pitch: 38.99999
afk: false
uuid: 4b3533f4-9a4f-3603-90cb-ff108289d3e3
money: '134'
