uuid: 7e268616-0506-3b98-965f-547d55af2009
timestamps:
  login: 1414903956870
  logout: 1414904187795
ipAddress: 222.205.3.34
logoutlocation:
  world: world
  x: -2848.375144582696
  y: 63.015625
  z: 3774.593448988377
  yaw: 187.94983
  pitch: 37.500004
money: '495.0'
