uuid: a3690a53-a392-339f-8613-0d8839dc1cb8
timestamps:
  login: 1405096347089
  logout: 1405098004974
ipAddress: 10.189.177.233
logoutlocation:
  world: world
  x: 0.42983412508171426
  y: 68.0
  z: -1.8141886548574386
  yaw: -28.339518
  pitch: 10.800002
