uuid: d3a9f24b-935e-3b8c-8cef-2cf1a6323b6b
timestamps:
  login: 1411716494181
  logout: 1411717432765
ipAddress: 210.32.171.85
logoutlocation:
  world: world_nether
  x: -112.69999998807907
  y: 64.0
  z: 12.87924622256022
  yaw: -6.6292586
  pitch: 1.6499642
