socialspy: false
uuid: 56ffec3e-5e9c-335a-add2-7c722ffc389a
timestamps:
  login: 1396883581951
  logout: 1396883691751
ipAddress: 222.205.26.77
logoutlocation:
  world: world
  x: -0.7500545812118949
  y: 70.1707870772188
  z: 92.95511724109697
  yaw: 7.3499928
  pitch: 11.400006
