uuid: 2752c97f-c4ce-3a8d-a3aa-ac9ee9457d07
timestamps:
  login: 1416749447243
  logout: 1416750252441
ipAddress: 10.180.17.6
logoutlocation:
  world: world
  x: 2874.9252976851394
  y: 79.0
  z: -1168.7755561576164
  yaw: -58.5006
  pitch: 18.599968
afk: false
money: '32'
