uuid: 13d57dcd-bb52-3ff3-a105-778b842efe82
timestamps:
  login: 1417620961020
  logout: 1417622637943
ipAddress: 10.141.31.105
logoutlocation:
  world: Resource
  x: 383.190808898339
  y: 51.0
  z: -62.990394488903256
  yaw: 18.90332
  pitch: 16.800032
money: '610.0'
afk: false
