uuid: e892e173-a4ba-3623-8913-30ff78495af9
timestamps:
  login: 1405600821351
  logout: 1405600821571
ipAddress: 10.189.192.23
logoutlocation:
  world: world
  x: -285.72249782542997
  y: 65.0
  z: 901.2167953940378
  yaw: -247.49846
  pitch: 25.950016
