uuid: 185a1b24-6355-3061-a47a-7eea935e4544
timestamps:
  login: 1418486068785
  logout: 1418486104736
ipAddress: 10.189.87.170
logoutlocation:
  world: world
  x: -233.89191104376582
  y: 63.0
  z: -74.6999999880791
  yaw: -260.54764
  pitch: 10.049972
