socialspy: false
timestamps:
  login: 1390363713691
  logout: 1390363893190
ipAddress: 10.22.92.171
logoutlocation:
  world: world
  x: 4.5
  y: 73.0
  z: -4.5
  yaw: 254.70001
  pitch: 20.400003
