socialspy: false
timestamps:
  login: 1390191629896
  logout: 1390191678695
ipAddress: 10.22.92.171
logoutlocation:
  world: world
  x: -4.5
  y: 73.0
  z: 2.5
  yaw: 4.0499997
  pitch: -0.14999995
