socialspy: false
timestamps:
  login: 1387636096197
  logout: 1387636645838
ipAddress: 210.32.151.206
logoutlocation:
  world: world
  x: -156.34121682497215
  y: 72.7000000178814
  z: -40.32499998807907
  yaw: 196.76048
  pitch: 8.699982
