uuid: 40c04e53-c597-3142-8968-2d45235c8b06
timestamps:
  login: 1413469160258
  logout: 1413469167702
ipAddress: 10.15.173.174
logoutlocation:
  world: world
  x: 0.48993518487575194
  y: 68.0
  z: 0.5282877379399968
  yaw: 181.95215
  pitch: -3.0000246
