uuid: df440f31-93e1-3ba1-94a4-51c7962d5fa8
timestamps:
  login: 1417185507464
  logout: 1417190011460
ipAddress: 10.171.181.138
logoutlocation:
  world: world
  x: -1808.452243468339
  y: 64.0
  z: 5.210802108447401
  yaw: -147.16727
  pitch: 42.449974
afk: false
