uuid: a5dab65c-df6f-3c68-b6af-e0d68c3cd13b
timestamps:
  login: 1409970633352
  logout: 1409973018449
ipAddress: 210.32.173.52
logoutlocation:
  world: world
  x: -522.5295085923282
  y: 63.0
  z: -138.8095203691378
  yaw: -240.03528
  pitch: 19.80007
