uuid: c03dba5e-580f-3075-86c2-1458106f325b
timestamps:
  login: 1408373985602
  logout: 1408374564003
  lastteleport: 1408374510310
ipAddress: 10.141.103.61
logoutlocation:
  world: world
  x: 19.10142806471719
  y: 68.0
  z: 9.031652963232691
  yaw: 34.171448
  pitch: 20.099997
lastlocation:
  world: world
  x: 90.11632998502179
  y: 29.0
  z: 74.69999998807907
  yaw: 59.779083
  pitch: 9.000009
