uuid: 885b95ad-e7bd-36da-ad08-ed12f71c0eed
timestamps:
  login: 1414854679138
  logout: 1414854757405
ipAddress: 10.171.182.79
logoutlocation:
  world: world
  x: -5025.765151540925
  y: 64.0
  z: -4173.705512588498
  yaw: -314.8502
  pitch: 23.400019
