uuid: 4a8c6fb5-bc39-3238-85c7-4253330335af
timestamps:
  login: 1416140815376
  logout: 1416141026526
  lastteleport: 1415027379177
ipAddress: 10.190.64.35
logoutlocation:
  world: world
  x: -3.0289555171001368
  y: 68.0
  z: -12.911537752635912
  yaw: 10.690491
  pitch: 12.338638
afk: false
lastlocation:
  world: world
  x: 3.5
  y: 73.0
  z: -369.5
  yaw: -3.0459042
  pitch: 6.9505787
