socialspy: false
uuid: 12f76638-b19b-360d-94e7-f4283ff37276
timestamps:
  login: 1396945484962
  logout: 1396947514686
ipAddress: 10.12.220.39
afk: false
logoutlocation:
  world: world
  x: -1.049038575481623
  y: 68.0
  z: 1.9023268717768436
  yaw: -207.0
  pitch: 11.549992
