socialspy: false
timestamps:
  login: 1394165005490
  logout: 1394165271540
ipAddress: 10.110.29.22
logoutlocation:
  world: world_nether
  x: 288.6645524616191
  y: 64.0
  z: -55.565719946126485
  yaw: 176.24988
  pitch: 3.2999325
