uuid: 5dc54b2d-ed3e-31ea-a6fa-c29ae68f3b37
timestamps:
  login: 1414856057038
  logout: 1414856111797
ipAddress: 10.189.79.9
logoutlocation:
  world: world
  x: 318.01249998807907
  y: 64.0
  z: -69.30000001192093
  yaw: -43.799953
  pitch: 29.399994
