uuid: c6c35187-97d0-394b-b20a-907c2ff4c981
timestamps:
  login: 1412771684574
  logout: 1412773010214
ipAddress: 222.205.0.69
money: '526.0'
logoutlocation:
  world: Resource
  x: 158.69999998807907
  y: 192.0
  z: -145.30000001192093
  yaw: -25.499956
  pitch: 15.299976
