socialspy: false
timestamps:
  login: 1394093932060
  logout: 1394094181158
ipAddress: 10.171.183.120
logoutlocation:
  world: world
  x: -43.699999988079085
  y: 86.0
  z: 81.69999998807906
  yaw: 72.74963
  pitch: 8.999985
