uuid: d0dc6248-eda6-3b35-a92b-aac95470f4b9
timestamps:
  login: 1409125086934
  logout: 1409125128115
ipAddress: 10.180.31.2
logoutlocation:
  world: world
  x: 75.35237238005949
  y: 71.0
  z: 175.01713009667478
  yaw: 355.65247
  pitch: 23.699995
