socialspy: false
timestamps:
  login: 1402405353679
  lastteleport: 1393512825108
  logout: 1402405426832
ipAddress: 10.180.73.213
lastlocation:
  world: world
  x: 18.384998945892086
  y: 68.0
  z: -23.1124407102869
  yaw: 223.05013
  pitch: 2.850005
logoutlocation:
  world: world
  x: 0.584546164285016
  y: 68.0
  z: 0.7024467980500718
  yaw: -132.59999
  pitch: 6.150036
afk: false
uuid: cd5bc7af-8683-3235-948e-d553e65f47bf
