socialspy: false
timestamps:
  login: 1394254454696
  logout: 1394254541286
ipAddress: 10.12.74.8
logoutlocation:
  world: world
  x: 2.5
  y: 68.0
  z: 3.137030463611919
  yaw: 12.449998
  pitch: -3.1500006
