socialspy: false
uuid: 3b2b3a0b-9f03-3536-86ed-35c78b6539b3
timestamps:
  login: 1404443195173
  logout: 1404443258776
ipAddress: 10.189.70.169
logoutlocation:
  world: world
  x: 0.48993518487575194
  y: 68.0
  z: 0.5282877379399968
  yaw: 182.25214
  pitch: -3.9000247
