socialspy: false
timestamps:
  login: 1394715916605
  logout: 1394716593845
ipAddress: 10.171.180.152
logoutlocation:
  world: world
  x: 43.52442147869536
  y: 63.0
  z: 191.60716011684244
  yaw: 129.0134
  pitch: 30.459648
