uuid: c943c521-3290-39bf-a960-316a712d1bc6
timestamps:
  login: 1416921763651
  logout: 1416929383556
ipAddress: 10.189.53.216
logoutlocation:
  world: world
  x: 4679.300000011921
  y: 61.0
  z: 5089.453850837638
  yaw: 102.78717
  pitch: 38.25004
afk: false
