socialspy: false
uuid: 7f3cac41-f70c-3310-a824-e250dd875126
timestamps:
  login: 1401335396160
  logout: 1401336065810
  lastteleport: 1399994492236
ipAddress: 222.205.106.221
logoutlocation:
  world: Island
  x: 16.40202040772145
  y: 143.0
  z: 14.751299810295478
  yaw: 178.79968
  pitch: 84.899956
lastlocation:
  world: Island
  x: -506.53725383373916
  y: 110.0
  z: 4.9658713519554825
  yaw: -7.197998
  pitch: -8.249982
money: '5538.0'
afk: false
