socialspy: false
timestamps:
  login: 1416232908358
  logout: 1416236487994
  lastteleport: 1397733143618
ipAddress: 10.190.64.151
logoutlocation:
  world: world
  x: 773.6749136535273
  y: 63.0
  z: 807.4415034473866
  yaw: 35.555603
  pitch: 6.1497774
afk: false
lastlocation:
  world: world
  x: 54.3258286385105
  y: 73.0
  z: 108.49751809087779
  yaw: -92.25021
  pitch: -0.89999115
money: '17414.0'
uuid: 56cda256-3911-3019-9b33-788b5581e090
