uuid: 31f1406e-022b-3a05-95c6-cfb1a782df80
timestamps:
  login: 1416227731609
  logout: 1416227962021
ipAddress: 10.189.45.147
logoutlocation:
  world: world_nether
  x: -2.3751622736922693
  y: 27.412702479664127
  z: -229.03155518424632
  yaw: 160.95226
  pitch: 70.94998
