uuid: 45d5ddd4-928f-37b5-88be-489745e40882
timestamps:
  login: 1417956788894
  logout: 1417958462658
ipAddress: 222.205.2.149
logoutlocation:
  world: world
  x: 101.62510654813435
  y: 164.0
  z: 210.4140162690767
  yaw: -101.99756
  pitch: 31.799965
