uuid: eb064f86-c25a-3dc3-acbc-6e6cf491cb1a
timestamps:
  login: 1417270783141
  logout: 1417270851202
ipAddress: 10.190.68.3
logoutlocation:
  world: world
  x: 1521.400664647525
  y: 85.0
  z: -347.4486438975676
  yaw: 0.0
  pitch: 0.0
lastlocation:
  world: world
  x: 0.8047657066743595
  y: 125.0
  z: -43.89845334118348
  yaw: -265.11987
  pitch: 55.65
afk: false
money: '3862.0'
