socialspy: false
timestamps:
  login: 1387723944812
  logout: 1387723983012
ipAddress: 10.15.173.174
logoutlocation:
  world: world
  x: -8.6435386034196
  y: 104.0
  z: -415.97304787663194
  yaw: 94.49967
  pitch: 6.449865
