uuid: fa7ac566-19b8-35e9-b789-1e318900323b
timestamps:
  login: 1410966759730
  logout: 1410966836918
ipAddress: 10.121.14.72
logoutlocation:
  world: world
  x: -177.69999998807907
  y: 104.5
  z: 13.749767193917451
  yaw: 173.3999
  pitch: 39.600018
