socialspy: false
timestamps:
  login: 1417182114112
  logout: 1417182419983
  lastteleport: 1412950433959
ipAddress: 222.205.13.86
logoutlocation:
  world: world
  x: -557.1828672319621
  y: 68.0
  z: 603.5484314186889
  yaw: 276.5987
  pitch: 21.15002
lastlocation:
  world: Resource
  x: -55.48093976001646
  y: 205.0
  z: 18.1776514029536
  yaw: 37.80012
  pitch: 19.94996
money: '2683.0'
afk: false
uuid: aa3d9d76-4bc8-314c-86b7-1dd94d5593d5
