uuid: 63ff2440-6f59-38d0-b56e-e0efa082dd6f
timestamps:
  login: 1410446021607
  logout: 1410447103014
ipAddress: 10.189.205.45
logoutlocation:
  world: world
  x: -322.87313493383783
  y: 65.0
  z: -241.41676517750625
  yaw: 268.65
  pitch: 36.000095
