socialspy: false
timestamps:
  login: 1387897592020
  logout: 1387898546781
ipAddress: 222.205.98.226
logoutlocation:
  world: world
  x: -124.65690125865152
  y: 64.0
  z: -901.1253779120433
  yaw: 153.89764
  pitch: 10.800055
