socialspy: false
timestamps:
  login: 1387856675722
  logout: 1387859265804
ipAddress: 210.32.184.156
logoutlocation:
  world: world
  x: -125.57217550714893
  y: 64.0
  z: -901.9575252964688
  yaw: -28.544971
  pitch: 20.699888
