uuid: 455f2463-f388-3a10-8dd9-bf825156e5e9
timestamps:
  login: 1414563143957
  logout: 1414563491781
ipAddress: 222.205.16.197
logoutlocation:
  world: world
  x: 202.9884261152127
  y: 65.0
  z: -3876.699999988079
  yaw: 43.50287
  pitch: 25.650038
