uuid: bc7f4a9d-3996-32f6-b89f-407148ea73eb
timestamps:
  login: 1412082868537
  logout: 1412082989338
ipAddress: 210.32.154.110
money: '28.0'
logoutlocation:
  world: world
  x: 0.5
  y: 68.0
  z: 0.5
  yaw: -171.62921
  pitch: 7.1999617
