uuid: 010833c3-f1d1-3cb2-a091-5caa13cd5a02
timestamps:
  login: 1414502371877
  logout: 1414505033135
ipAddress: 222.205.98.9
afk: false
logoutlocation:
  world: world
  x: 152.44364942749786
  y: 110.0
  z: -67.30000001192093
  yaw: -9.597816
  pitch: 20.249977
