socialspy: false
timestamps:
  login: 1396944248362
  logout: 1396944349462
  lastteleport: 1396154147040
ipAddress: 10.15.173.174
logoutlocation:
  world: world
  x: 8.33977139803098
  y: 68.0
  z: 13.688010212755069
  yaw: -8.239456
  pitch: 11.549995
lastlocation:
  world: world
  x: 54.84271771552109
  y: 73.0
  z: 108.45568305418368
  yaw: -91.95022
  pitch: 10.499996
uuid: 2d5250c1-7267-34a9-9be2-b6f0ed899cd8
afk: false
money: '24.0'
