socialspy: false
timestamps:
  login: 1388146285501
  logout: 1388146576044
ipAddress: 10.171.179.93
logoutlocation:
  world: world
  x: 1.1654001732493364
  y: 64.0
  z: 3.1410472319438822
  yaw: 327.75455
  pitch: 16.799997
