uuid: de4ef994-073d-3610-83ea-52a5859b0ee6
timestamps:
  login: 1416453351073
  logout: 1416453641579
ipAddress: 10.189.192.54
logoutlocation:
  world: world
  x: 140.78477999899974
  y: 63.0
  z: -277.3062804347848
  yaw: 162.6003
  pitch: -35.39997
afk: false
