uuid: 06177ec0-b4f0-32a6-98cc-b48cd6a7c9bf
timestamps:
  login: 1405065968423
  logout: 1405066030801
ipAddress: 10.214.50.237
logoutlocation:
  world: world
  x: 13.809058735233041
  y: 68.0
  z: -6.671633771643471
  yaw: 59.703156
  pitch: -48.59999
