uuid: fab2ddb4-1c41-38df-a973-99630a88c868
timestamps:
  login: 1415456093006
  logout: 1415456205167
ipAddress: 10.180.84.208
afk: false
logoutlocation:
  world: world
  x: 296.7655959607551
  y: 83.0
  z: -139.07345672425186
  yaw: 3.0001135
  pitch: 44.250008
