socialspy: false
timestamps:
  login: 1389874257531
  logout: 1389886586335
ipAddress: 10.189.251.249
logoutlocation:
  world: world
  x: -761.1156430193499
  y: 64.0
  z: -554.3000000119209
  yaw: -356.5499
  pitch: 18.750004
afk: false
