uuid: 0f353408-0967-3ebb-b29b-5ec74ce6370d
timestamps:
  login: 1412915689175
  logout: 1412917151536
ipAddress: 10.171.179.131
logoutlocation:
  world: world
  x: 38.12315622777082
  y: 33.0
  z: -856.2505581444104
  yaw: -225.75586
  pitch: 0.89991724
