socialspy: false
timestamps:
  login: 1394353563675
  logout: 1394353669875
ipAddress: 222.205.97.34
logoutlocation:
  world: world
  x: -124.0
  y: 77.0
  z: -915.0
  yaw: -40.350002
  pitch: 18.600002
