socialspy: false
timestamps:
  login: 1394794502551
  logout: 1394794607201
ipAddress: 10.180.25.126
logoutlocation:
  world: world
  x: 58.05832952090197
  y: 68.0
  z: 178.94648378628162
  yaw: -19.652075
  pitch: 17.249979
afk: false
