uuid: 8f1eb39e-170a-3f4d-957f-fae145e88c42
timestamps:
  login: 1414417236589
  logout: 1414417316057
ipAddress: 10.171.178.25
logoutlocation:
  world: world
  x: 0.48993518487575194
  y: 68.0
  z: 0.5282877379399968
  yaw: 182.10214
  pitch: -3.4500246
