socialspy: false
timestamps:
  login: 1413215090797
  logout: 1413215123512
  lastteleport: 1413194113140
ipAddress: 222.205.27.106
afk: false
logoutlocation:
  world: world
  x: 942.111254906513
  y: 35.0
  z: -47.33280650733117
  yaw: 118.17183
  pitch: 13.649983
lastlocation:
  world: world
  x: 2.6491574672280453
  y: 73.0
  z: -368.9198817164334
  yaw: -28.049793
  pitch: 3.750003
uuid: 4911b820-98e6-3a76-994d-c32eb1d569f5
