socialspy: false
uuid: 2b8c76db-aa25-3e7e-9c9e-dff02ffe0b15
timestamps:
  login: 1397968938096
  logout: 1397969124896
ipAddress: 222.205.110.114
logoutlocation:
  world: world
  x: 943.4367396122158
  y: 35.0
  z: -46.99376516950775
  yaw: 88.2
  pitch: 2.099995
