uuid: bca1fdbb-27ce-3d0b-bc0b-ca58e3e7d534
timestamps:
  login: 1405842948309
  logout: 1405843011125
ipAddress: 10.15.173.174
logoutlocation:
  world: world
  x: 0.48993518487575194
  y: 68.0
  z: 0.5282877379399968
  yaw: 181.95215
  pitch: -3.4500246
