uuid: e97b8753-2403-3fdb-98dc-c68fb6d81aee
timestamps:
  login: 1418907971245
  logout: 1418908713710
ipAddress: 210.32.172.98
logoutlocation:
  world: world
  x: -250.3743033424683
  y: 50.0
  z: -119.38389791332466
  yaw: 231.59949
  pitch: 13.949975
