uuid: 93f08ece-cadf-3d7a-b38a-faad82496cf3
timestamps:
  login: 1418973448596
  logout: 1418982095286
ipAddress: 10.180.72.47
logoutlocation:
  world: world
  x: -4458.075127391181
  y: 67.0
  z: -4076.398383707055
  yaw: 57.23584
  pitch: 27.141825
afk: false
money: '0.0'
