socialspy: false
uuid: d98b634e-984b-31b8-985f-6f69a2486a04
timestamps:
  login: 1397320909467
  logout: 1397323118767
ipAddress: 10.15.173.174
logoutlocation:
  world: world
  x: -136.36069782145051
  y: 71.0
  z: 340.0837232409837
  yaw: -313.35522
  pitch: 19.799963
