socialspy: false
timestamps:
  login: 1388497942521
  lastteleport: 1388498067633
  logout: 1388498152271
ipAddress: 10.110.30.157
lastlocation:
  world: world
  x: -1.058611939707109
  y: 64.0
  z: 0.30703493710252455
  yaw: 84.15
  pitch: 32.85
logoutlocation:
  world: world_nether
  x: 57.526439702317624
  y: 128.0
  z: -5.212390585365285
  yaw: -105.276505
  pitch: 27.899992
