uuid: 81099722-8618-33dd-8a71-ee9b47490c8d
timestamps:
  login: 1413113552488
  logout: 1413113803470
  lastteleport: 1413113754876
ipAddress: 222.205.3.139
money: '1000'
logoutlocation:
  world: world
  x: 33.669510447771074
  y: 68.0
  z: -38.134272365608
  yaw: 271.02145
  pitch: 18.899988
afk: false
lastlocation:
  world: world
  x: 3.600207959003115
  y: 73.0
  z: -369.1791176703702
  yaw: 7.0499506
  pitch: 7.350005
