uuid: d0940d8b-7cb5-3286-952f-e2a1bb9f6a41
timestamps:
  login: 1410782128118
  logout: 1410782635500
ipAddress: 10.180.18.87
logoutlocation:
  world: world_nether
  x: 7.979953064903336
  y: 64.0
  z: -4.66674763747045
  yaw: 83.12351
  pitch: 30.446852
