uuid: e9810a8c-8472-35f4-b0bc-e60800cdbe34
timestamps:
  login: 1417942360759
  logout: 1417942507753
ipAddress: 210.32.164.64
logoutlocation:
  world: world
  x: 3.5
  y: 68.0
  z: 1.5
  yaw: 150.15215
  pitch: 4.799979
