socialspy: false
timestamps:
  login: 1388039429809
  logout: 1388039444559
ipAddress: 222.205.22.167
logoutlocation:
  world: world
  x: 13.128703860904706
  y: 64.0
  z: 164.5556283701312
  yaw: 190.35202
  pitch: 29.549952
