socialspy: false
uuid: c3fb51d3-b79c-396c-a167-8aa2917d7bff
timestamps:
  login: 1401171495965
  logout: 1401176567707
ipAddress: 222.205.107.63
logoutlocation:
  world: world
  x: -126.68388055534858
  y: 62.0
  z: 85.04125228908556
  yaw: -264.46387
  pitch: 45.299984
