socialspy: false
uuid: ee24622f-f3c6-354c-b4e5-efd9833bf950
timestamps:
  login: 1412045666667
  logout: 1412045721969
ipAddress: 10.189.60.139
logoutlocation:
  world: world
  x: 140.30000001192093
  y: 61.31496940699311
  z: -209.30000001192093
  yaw: 28.049976
  pitch: -62.399994
