uuid: e6d9ab35-43aa-385a-91a7-6c469e9b9a1d
timestamps:
  login: 1417163830556
  logout: 1417165530113
ipAddress: 222.205.107.124
logoutlocation:
  world: world
  x: -8.189994092507835
  y: 78.0
  z: -60.76620635640632
  yaw: -213.44763
  pitch: 20.399994
