uuid: ddf15605-060e-38f6-b03d-aec8d15b192b
timestamps:
  login: 1418281800310
  logout: 1418285427676
ipAddress: 10.180.24.174
logoutlocation:
  world: world_nether
  x: 128.78705488067436
  y: 39.875
  z: -42.2419135635273
  yaw: 7.0444317
  pitch: 6.750093
money: '35.0'
