uuid: 04735202-2f28-3b95-8c6f-37b5fe17699a
timestamps:
  login: 1410927110364
  logout: 1410927293308
ipAddress: 210.32.167.203
logoutlocation:
  world: world
  x: 96.72142244427675
  y: 68.0
  z: -45.713585315826464
  yaw: -158.4292
  pitch: 13.799963
