socialspy: false
timestamps:
  login: 1398847351537
  logout: 1398848434237
ipAddress: 10.15.194.83
logoutlocation:
  world: world
  x: -284.5083450545825
  y: 72.5
  z: -620.8152081828887
  yaw: -179.91956
  pitch: 15.75
afk: false
uuid: 2a7827c4-eb49-32d3-941a-c08ae239ce9f
