uuid: d3075178-17b6-3c58-b120-5a1f7f409018
timestamps:
  login: 1416227199825
  logout: 1416227256510
ipAddress: 10.189.45.147
logoutlocation:
  world: world
  x: 2.546935535162137
  y: 68.0
  z: -1.5817530154947559
  yaw: 2.5521538
  pitch: 11.699959
