uuid: f772ff11-b74c-3a21-8353-07ffa7c9e00a
timestamps:
  login: 1409483134894
  logout: 1409483268698
ipAddress: 10.15.173.174
afk: false
logoutlocation:
  world: world
  x: -524.9190338201902
  y: 68.0
  z: 445.81251031692074
  yaw: -69.96933
  pitch: 10.649935
