uuid: 0780d312-99ca-3040-ab95-60f4f730a8f4
timestamps:
  login: 1409715233874
  logout: 1409715268604
ipAddress: 10.180.29.194
logoutlocation:
  world: world
  x: 0.48993518487575194
  y: 68.0
  z: 0.5282877379399968
  yaw: 186.45215
  pitch: -4.0500245
