uuid: c8b40df3-5beb-3862-a6e4-5265bc40c126
timestamps:
  login: 1408542031738
  logout: 1408544045411
ipAddress: 210.32.153.44
afk: false
logoutlocation:
  world: world
  x: -788.5
  y: 56.0
  z: 798.5
  yaw: -90.15646
  pitch: -3.0000193
