socialspy: false
uuid: fb118ed2-2c18-3631-b740-1612310661d2
timestamps:
  login: 1395761736321
  logout: 1395761750821
ipAddress: 10.171.177.111
logoutlocation:
  world: world
  x: 1853.138095782151
  y: 64.0
  z: 203.17389140272016
  yaw: -122.11067
  pitch: 14.549687
