uuid: dff967d1-0932-352d-b451-a498f83790c7
timestamps:
  login: 1415435898551
  logout: 1415436181310
ipAddress: 10.180.67.44
logoutlocation:
  world: world
  x: 1.3033832405472712
  y: 68.0
  z: -1.8444712932103347
  yaw: -188.698
  pitch: 11.549981
