socialspy: false
timestamps:
  login: 1408364434670
  logout: 1408364678861
  lastteleport: 1391059082802
ipAddress: 10.189.10.151
logoutlocation:
  world: world
  x: -450.85510163078516
  y: 65.0
  z: 390.85685570527926
  yaw: 50.787537
  pitch: 4.0050974
afk: false
lastlocation:
  world: world
  x: 0.5344027089805307
  y: 125.0
  z: -43.41616533479786
  yaw: -187.72375
  pitch: -8.8251915
money: '2784'
uuid: e477b495-0441-3a96-ad4d-851c26a941f7
