uuid: 2d32115f-a60d-3abf-b219-977c18fb3901
timestamps:
  login: 1417004652423
  logout: 1417005499313
ipAddress: 222.205.6.15
logoutlocation:
  world: world
  x: 123.50213681935944
  y: 71.0
  z: 183.0852408502754
  yaw: -17.400574
  pitch: 18.15002
