uuid: 75cc0533-418b-36a6-8910-015768663f2a
timestamps:
  login: 1410682693373
  logout: 1410682916645
ipAddress: 210.32.151.23
logoutlocation:
  world: world
  x: -7.887558920377496
  y: 64.0
  z: 109.63801026611235
  yaw: -349.34763
  pitch: 10.950131
