socialspy: false
timestamps:
  login: 1417957135905
  logout: 1417957762212
ipAddress: 222.205.36.211
logoutlocation:
  world: world
  x: -281.76860126872873
  y: 90.5
  z: -622.1713571204566
  yaw: 273.75024
  pitch: -61.200092
uuid: 1e8bb5ed-65e1-3561-b826-a766142a0a21
