socialspy: false
timestamps:
  login: 1403778542007
  logout: 1403778674370
  lastteleport: 1393511088995
ipAddress: 10.13.122.221
logoutlocation:
  world: world
  x: -861.9902957166887
  y: 64.0
  z: 1071.5551352205416
  yaw: -110.08557
  pitch: 17.100134
afk: false
lastlocation:
  world: world
  x: -2.7780253897633163
  y: 73.0
  z: 0.1334027594846505
  yaw: -275.10754
  pitch: 4.350007
money: '8598.0'
uuid: a913bd5e-a066-3e2d-a7aa-5a02ee5d4361
