socialspy: false
timestamps:
  login: 1388405286206
  logout: 1388406102056
ipAddress: 10.171.177.110
logoutlocation:
  world: world
  x: -298.09614640809775
  y: 76.0
  z: 102.70223320295108
  yaw: 123.60156
  pitch: 35.850006
