uuid: bfead0ad-2479-3e36-9dab-2d71fed7461d
timestamps:
  login: 1408447178742
  logout: 1408451786027
ipAddress: 10.184.38.163
logoutlocation:
  world: world
  x: 380.93608503393835
  y: 64.0
  z: 151.87593487252013
  yaw: -13.969116
  pitch: 19.499996
