socialspy: false
uuid: 1ea3447b-185a-3d6a-bf68-1fa74bf4e902
timestamps:
  login: 1399363131100
  logout: 1399363161895
ipAddress: 222.205.17.130
logoutlocation:
  world: world
  x: -0.6532981879733805
  y: 68.0
  z: 1.2217404324126941
  yaw: -111.60022
  pitch: 14.400004
