socialspy: false
timestamps:
  login: 1393600453384
  logout: 1393604050267
ipAddress: 10.141.103.32
lastlocation:
  world: world
  x: 5.341177802651692
  y: 110.0
  z: 3.57050481903752
  yaw: -358.35
  pitch: 74.25
afk: false
logoutlocation:
  world: world
  x: -6.615892308361875
  y: 68.0
  z: -2.9716413650737032
  yaw: 178.35007
  pitch: 19.650019
