uuid: 84b51833-bcb2-33e2-8fa3-9807db105f6e
timestamps:
  login: 1417965187433
  logout: 1417965301857
  lastteleport: 1414335147945
ipAddress: 222.205.45.67
logoutlocation:
  world: Resource
  x: -65.28177853982682
  y: 23.0
  z: -716.8625827754547
  yaw: 239.70001
  pitch: 16.049957
lastlocation:
  world: Resource
  x: 0.5051170128863305
  y: 204.0
  z: 1.5718154900147996
  yaw: 3.7500284
  pitch: 12.449985
money: '508.0'
afk: false
