uuid: b8ae768b-dc91-33ff-b215-3a979961eb08
timestamps:
  login: 1416405765355
  logout: 1416405879096
ipAddress: 222.205.4.2
logoutlocation:
  world: world
  x: 142.01741238449296
  y: 71.0
  z: -212.69999998807907
  yaw: -111.301025
  pitch: 4.050013
afk: false
