uuid: 95343fad-eb43-3013-bd4b-f8d933b50aef
timestamps:
  login: 1414112902118
  lastteleport: 1414068279323
  logout: 1414113323316
ipAddress: 10.189.40.210
lastlocation:
  world: world
  x: 0.41752717092816516
  y: 57.0
  z: 41.32383125745954
  yaw: -26.128662
  pitch: 5.999973
logoutlocation:
  world: world
  x: -1.3874790139110433
  y: 64.0
  z: -428.30000001192093
  yaw: 123.30249
  pitch: 44.69989
