uuid: 040728b9-0088-30b9-9c84-c4ee08573130
timestamps:
  login: 1413169894842
  logout: 1413172883109
ipAddress: 10.110.29.64
logoutlocation:
  world: world
  x: -33.887516062216875
  y: 80.0
  z: -119.892588447917
  yaw: -144.15112
  pitch: 14.849999
