uuid: e8822ac4-fa7a-3316-a366-d3ebe007e12d
timestamps:
  login: 1413028066308
  logout: 1413028070806
ipAddress: 10.141.52.157
logoutlocation:
  world: world
  x: -456.6423511836971
  y: 72.0
  z: 1523.0245951810725
  yaw: -87.00867
  pitch: 37.34997
afk: false
