uuid: 4f437716-1a90-3a28-9ec2-2272545fbb39
timestamps:
  login: 1411826294332
  logout: 1411826477842
ipAddress: 210.32.168.211
logoutlocation:
  world: world
  x: 8.137499988079075
  y: 119.0
  z: -38.802632701893415
  yaw: -109.647156
  pitch: 29.55001
