uuid: 769b64fc-aba7-309a-918a-4fdaf817d9e7
timestamps:
  login: 1416034160521
  logout: 1416034379657
ipAddress: 10.180.18.205
logoutlocation:
  world: world
  x: -2363.138048516522
  y: 63.0
  z: 2787.344976087909
  yaw: -226.94997
  pitch: 25.500021
money: '0'
afk: false
