socialspy: false
uuid: 5bdc05d9-2dae-38c5-8b52-0e897bd95d1e
timestamps:
  login: 1416033346493
  logout: 1416033894351
  lastteleport: 1415000866093
ipAddress: 10.180.18.205
logoutlocation:
  world: world
  x: -765.3061501067132
  y: 64.5
  z: -555.0265402452062
  yaw: -207.75037
  pitch: 17.399998
lastlocation:
  world: world
  x: 479.5075804485783
  y: 74.7531999805212
  z: 1499.699999988079
  yaw: 1.810175
  pitch: 3.1500256
afk: false
money: '5561.010899999'
