uuid: 7a172510-82a8-3dce-aea7-84bf0cc2ee78
timestamps:
  login: 1414950968839
  lastteleport: 1414550300249
  logout: 1414951260508
ipAddress: 222.205.55.205
money: '3019.0'
lastlocation:
  world: Resource
  x: 20.818520993959364
  y: 87.0
  z: -403.28820622712374
  yaw: 168.1503
  pitch: 51.60003
logoutlocation:
  world: world
  x: 10.257171919997948
  y: 68.0
  z: 18.73082808838444
  yaw: 28.952236
  pitch: 8.549977
