uuid: 236e734e-afa5-33f6-b20d-4152c9447776
timestamps:
  login: 1406167873316
  logout: 1406173330128
ipAddress: 10.15.173.174
logoutlocation:
  world: world
  x: -607.2707337413781
  y: 63.0
  z: 476.3286226037608
  yaw: 2.819912
  pitch: -62.99999
