socialspy: false
timestamps:
  login: 1390881045895
  logout: 1390881408145
ipAddress: 10.22.92.171
logoutlocation:
  world: world
  x: 332.91777465874145
  y: 63.0
  z: 471.3454830681708
  yaw: -97.517624
  pitch: 15.300031
