socialspy: false
timestamps:
  login: 1418708528959
  logout: 1418710849648
  lastteleport: 1393652832372
ipAddress: 210.32.188.147
logoutlocation:
  world: Resource
  x: -3.6889262094373128
  y: 11.0
  z: -21.18237048314271
  yaw: -291.15015
  pitch: 36.300003
afk: false
lastlocation:
  world: world
  x: 0.5403479899095088
  y: 125.0
  z: -43.372269571109584
  yaw: -353.84827
  pitch: -87.60002
money: '18.0'
uuid: 258c16e6-bc8a-3dbc-845b-5c9d672b8f76
