uuid: 66189e99-efd6-3207-a31f-baa5961e729c
timestamps:
  login: 1412064082528
  logout: 1412075186807
ipAddress: 222.205.20.59
money: '34'
logoutlocation:
  world: world
  x: 1552.5
  y: 75.0999984741211
  z: -5496.5
  yaw: 281.44437
  pitch: 29.249989
