uuid: 55576363-a43c-36f6-b83b-ceac7eff7544
timestamps:
  login: 1416577856439
  logout: 1416577871359
ipAddress: 10.171.179.126
logoutlocation:
  world: world
  x: 5077.609114808695
  y: 67.0
  z: 5162.037981182921
  yaw: 335.99908
  pitch: 18.750038
money: '590.0'
afk: false
