socialspy: false
timestamps:
  login: 1394079595868
  logout: 1394084131268
ipAddress: 10.189.148.16
logoutlocation:
  world: world
  x: -119.55667940763887
  y: 7.0
  z: -11.019506568421058
  yaw: 17.110554
  pitch: 10.049994
