socialspy: false
uuid: 21a358b6-52ec-394a-9c75-c2ae65816c3f
timestamps:
  login: 1397902196101
  logout: 1397911337401
  lastteleport: 1397903961468
ipAddress: 222.205.99.196
logoutlocation:
  world: world
  x: 287.15646290733696
  y: 53.0
  z: 817.7316492877798
  yaw: 127.636475
  pitch: 24.300026
lastlocation:
  world: world
  x: 54.07160975024125
  y: 73.0
  z: 107.28707903698623
  yaw: 298.34424
  pitch: -1.1999782
money: '31'
