socialspy: false
timestamps:
  login: 1413016071437
  logout: 1413016262882
ipAddress: 222.205.55.205
logoutlocation:
  world: world
  x: 67.44459196263867
  y: 85.0
  z: -372.4543250557977
  yaw: -148.50035
  pitch: 16.799973
uuid: c8af38ed-86bd-32b7-a3ef-3ac7ad30d9f9
