socialspy: false
timestamps:
  login: 1415009306299
  logout: 1415011199374
  lastteleport: 1395917202831
ipAddress: 10.15.173.174
logoutlocation:
  world: ZJU
  x: -865.097697070457
  y: 65.0
  z: -225.35155106939825
  yaw: 189.8706
  pitch: -36.150757
uuid: 9010ac53-b3ee-3b31-a18c-b66da6bd7e7c
afk: false
lastlocation:
  world: world
  x: 53.69632598061205
  y: 73.0
  z: 106.51511664708933
  yaw: -48.450226
  pitch: 0.5999979
