uuid: ab0e5cfa-7958-3f03-a5ab-38361d0c9666
timestamps:
  login: 1407084570762
  logout: 1407084637449
ipAddress: 10.180.30.188
logoutlocation:
  world: world
  x: 127.41857431659903
  y: 68.0
  z: 1.6498958532914472
  yaw: 271.7835
  pitch: 5.0629807
