socialspy: false
timestamps:
  login: 1389855389047
  logout: 1389855393497
ipAddress: 10.171.183.202
logoutlocation:
  world: world
  x: 3.5
  y: 73.0
  z: -2.5
  yaw: -1.4999999
  pitch: 1.8000001
