socialspy: false
timestamps:
  login: 1419000912241
  logout: 1419005958901
  lastteleport: 1399384581230
ipAddress: 222.205.16.228
logoutlocation:
  world: world
  x: -500.6332184574567
  y: 17.0
  z: -426.6896746766003
  yaw: -4.06958
  pitch: 1.800065
afk: false
lastlocation:
  world: world
  x: 0.3543139804504831
  y: 125.0
  z: -43.48856767504346
  yaw: -271.938
  pitch: 57.600014
money: '6054.0'
uuid: 01d60665-d212-355e-be46-6b5f88f1ce83
