uuid: f212c195-1feb-3621-b511-0eeab4ab43df
timestamps:
  login: 1409221840176
  logout: 1409221852217
ipAddress: 222.205.10.114
logoutlocation:
  world: world
  x: 16.893443967036603
  y: 20.0
  z: 182.4452508304687
  yaw: -288.0788
  pitch: 17.399988
