uuid: d865935b-c53c-3074-a643-77342db7f5fe
timestamps:
  login: 1418998333243
  logout: 1418998771636
  lastteleport: 1417880812596
ipAddress: 10.189.195.90
logoutlocation:
  world: world
  x: -4584.469620094947
  y: 70.0
  z: -4249.853113145556
  yaw: 51.44973
  pitch: 36.600025
lastlocation:
  world: Island
  x: -506.54186955336525
  y: 110.0
  z: 4.033695013491684
  yaw: 192.45172
  pitch: 51.149975
afk: false
money: '10659.0'
