socialspy: false
timestamps:
  login: 1387878379071
  logout: 1387878392421
ipAddress: 222.205.22.55
logoutlocation:
  world: world
  x: 539.6013858753022
  y: 64.0
  z: 435.9011128179094
  yaw: 114.7491
  pitch: 9.750015
