uuid: 520324a1-0030-3345-abb1-bbb9262f6798
timestamps:
  login: 1413523925369
  logout: 1413524068314
ipAddress: 210.32.150.179
logoutlocation:
  world: world
  x: 4.300000011920926
  y: 71.0
  z: 12.699999988079071
  yaw: 73.35002
  pitch: 6.900006
