uuid: 17900e0b-38bf-3636-aa80-13f1c3ba1339
timestamps:
  login: 1418999796353
  logout: 1419000332070
ipAddress: 10.184.21.22
logoutlocation:
  world: Resource
  x: 99.07881135718927
  y: 36.0
  z: -30.538444686136327
  yaw: 46.50879
  pitch: 18.192024
afk: false
money: '11894.0'
