socialspy: false
timestamps:
  login: 1415368294032
  logout: 1415369003528
  lastteleport: 1412406236529
ipAddress: 222.205.55.35
logoutlocation:
  world: world
  x: 424.6584858942407
  y: 64.0
  z: 1480.8695561276227
  yaw: 341.40167
  pitch: -0.30004424
afk: false
lastlocation:
  world: world
  x: 0.41009254510318705
  y: 125.0
  z: -43.76574009655208
  yaw: -158.40527
  pitch: 46.350018
uuid: 35f11bb0-a8c7-3936-b700-f91de50db28e
money: '9348.0'
