socialspy: false
timestamps:
  login: 1391960990833
  lastteleport: 1391961010744
  logout: 1391961020082
ipAddress: 10.22.92.171
lastlocation:
  world: world
  x: -3.086393348192006
  y: 73.0
  z: -0.3469478348425303
  yaw: 72.75003
  pitch: 6.4500036
logoutlocation:
  world: world
  x: 0.6195820254455667
  y: 64.0
  z: 0.950837643866185
  yaw: 156.74988
  pitch: 12.000004
