uuid: 5fdc50c4-3bde-373d-9fa4-644aa1f93dc0
timestamps:
  login: 1413972731138
  logout: 1413973690363
ipAddress: 10.180.16.164
logoutlocation:
  world: world
  x: 315.30000001192093
  y: 64.0
  z: 269.69999998807907
  yaw: 184.95001
  pitch: 24.29999
