socialspy: false
timestamps:
  login: 1398070515807
  logout: 1398070597107
ipAddress: 210.32.185.240
logoutlocation:
  world: world
  x: -119.69999998807906
  y: 66.0
  z: -274.79745574496025
  yaw: -295.35
  pitch: 10.5
uuid: aee246e7-97af-3187-ab6b-e9ec8704ab38
