socialspy: false
timestamps:
  login: 1390365036040
  logout: 1390365180691
ipAddress: 10.22.92.171
logoutlocation:
  world: world
  x: -4.411552180954704
  y: 69.0
  z: -1.0749999880790706
  yaw: 44.40027
  pitch: 46.05002
