uuid: 500f0d07-3c82-382e-a5b6-e6244c88fdaf
timestamps:
  login: 1411739570606
  logout: 1411739591026
ipAddress: 210.32.169.150
logoutlocation:
  world: world
  x: 0.48993518487575194
  y: 68.0
  z: 0.5282877379399968
  yaw: 182.10214
  pitch: -3.4500246
