uuid: bab16c51-1fd7-3f32-94b6-2ced339fe1e8
timestamps:
  login: 1417321916336
  logout: 1417321949988
ipAddress: 210.32.173.148
logoutlocation:
  world: world
  x: 0.48993518487575194
  y: 68.0
  z: 0.5282877379399968
  yaw: 182.10214
  pitch: -3.4500246
