uuid: 621e7aa1-fae4-3e4f-9334-4f92e1ed7eac
timestamps:
  login: 1413953144751
  logout: 1413954186517
ipAddress: 10.180.64.9
logoutlocation:
  world: ZJU
  x: -513.5012267672673
  y: 65.0
  z: -786.871617602141
  yaw: 343.9485
  pitch: 45.00003
