socialspy: false
uuid: 3339cd08-0f10-3fdb-b9fc-eac7a8a0f2c1
timestamps:
  login: 1395924549166
  logout: 1395928734411
ipAddress: 10.110.64.183
money: '256.0'
lastlocation:
  world: world
  x: -182.47037572418645
  y: 65.0
  z: -62.02869458183469
  yaw: 340.24414
  pitch: 12.449996
afk: false
logoutlocation:
  world: Resource
  x: 56.07679574276641
  y: 223.0
  z: 50.30000001192094
  yaw: -204.297
  pitch: 13.349955
