uuid: e83c2a2c-3790-37f6-99f0-38b5292fcb87
timestamps:
  login: 1413116674324
  logout: 1413116684851
ipAddress: 10.110.29.64
logoutlocation:
  world: world
  x: 0.48993518487575194
  y: 68.0
  z: 0.5282877379399968
  yaw: 174.30214
  pitch: -3.1500247
