uuid: 5937a14e-3433-3593-981b-1bed49a00d1d
timestamps:
  login: 1411659490446
  logout: 1411660329180
ipAddress: 210.32.169.40
logoutlocation:
  world: world
  x: 150.2814523479372
  y: 72.0
  z: 245.66120616765693
  yaw: -87.62073
  pitch: 7.349998
afk: false
