socialspy: false
uuid: 134cd922-296d-30a7-8520-aebcfa71cd0b
timestamps:
  login: 1403778502822
  logout: 1403778521833
ipAddress: 10.13.122.221
logoutlocation:
  world: world
  x: 0.48993518487575194
  y: 68.0
  z: 0.5282877379399968
  yaw: 180.60216
  pitch: -3.3000245
