uuid: 46136391-57b1-3b73-9d1f-9f8884f4e3b2
timestamps:
  login: 1417266579226
  logout: 1417267356970
ipAddress: 222.205.26.161
money: '25'
logoutlocation:
  world: world
  x: 132.32117204760155
  y: 74.0
  z: -163.1188429493334
  yaw: 195.89319
  pitch: 9.449943
