uuid: 02b7e307-1df8-3335-b451-c9b7a99039e6
timestamps:
  login: 1411627587246
  logout: 1411627707459
ipAddress: 222.20.119.19
logoutlocation:
  world: world
  x: 14.213242203235872
  y: 68.0
  z: -6.4159213019244685
  yaw: 58.951992
  pitch: 22.49996
