socialspy: false
uuid: 686634dd-c5a1-3858-a06a-75b09612d08d
timestamps:
  login: 1400414499708
  logout: 1400415173193
ipAddress: 10.180.67.47
logoutlocation:
  world: world
  x: 4.456390032940309
  y: 76.0
  z: -1157.0454408184414
  yaw: 74.84291
  pitch: 38.70004
