uuid: ecc0aa4a-08ef-3cd0-ad36-c3a233e7af14
timestamps:
  login: 1409682960331
  logout: 1409682969522
ipAddress: 10.110.64.168
logoutlocation:
  world: world
  x: 0.48993518487575194
  y: 68.0
  z: 0.5282877379399968
  yaw: 181.05215
  pitch: -4.3500247
