uuid: db7fdaaa-19e4-3ba2-9750-bf98e7757809
timestamps:
  login: 1415543296115
  logout: 1415543626896
ipAddress: 222.205.104.51
logoutlocation:
  world: world
  x: -34.537810968904076
  y: 73.0
  z: -327.5755443264283
  yaw: -214.94739
  pitch: -43.20019
