socialspy: false
timestamps:
  login: 1394800047351
  logout: 1394806664703
ipAddress: 10.180.25.126
logoutlocation:
  world: world
  x: -1970.300000011921
  y: 71.0
  z: 3263.057657427458
  yaw: -232.2024
  pitch: 26.84994
