uuid: e85677a1-9ceb-37c5-b18d-d9d17c00f600
timestamps:
  login: 1405322487146
  logout: 1405322183523
ipAddress: 10.171.176.71
logoutlocation:
  world: world
  x: -27.430269448777253
  y: 68.0
  z: -53.73895432658678
  yaw: 212.82085
  pitch: 24.300001
