socialspy: false
timestamps:
  login: 1394111795189
  logout: 1394111987839
ipAddress: 10.183.42.146
logoutlocation:
  world: world
  x: 470.31747051326005
  y: 85.0
  z: 2.083821663861408
  yaw: 4.2802734
  pitch: 6.900153
