uuid: a6aa5d50-9480-308b-bb64-e92706b18a8b
timestamps:
  login: 1413033044853
  logout: 1413033046747
ipAddress: 222.205.25.12
logoutlocation:
  world: world
  x: 0.48993518487575194
  y: 68.0
  z: 0.5282877379399968
  yaw: 184.80214
  pitch: -0.4500246
