socialspy: false
timestamps:
  login: 1417348497392
  logout: 1417348646838
  lastteleport: 1416807173269
ipAddress: 222.205.34.66
logoutlocation:
  world: world
  x: 749.1999263782059
  y: 64.0
  z: -4.555761539454141
  yaw: 93.1496
  pitch: 47.849976
afk: false
lastlocation:
  world: Resource
  x: -535.4859310825808
  y: 30.0
  z: 24.040195466162103
  yaw: 2.2502441
  pitch: 45.149994
money: '8692.0'
uuid: 3d6b4b82-cd3a-3e63-b94e-62a85eb377c9
