uuid: 55040e11-145a-3dee-b379-5d5f5062ba65
timestamps:
  login: 1414900049641
  logout: 1414900178986
ipAddress: 222.205.99.19
logoutlocation:
  world: world
  x: -8.567454137291001
  y: 69.0
  z: -59.680296814052376
  yaw: 88.350075
  pitch: 18.90001
