uuid: 08f3edd5-c58a-3fd6-95ef-dd6027f8af8a
timestamps:
  login: 1408353901209
  logout: 1408353933851
ipAddress: 218.109.84.180
logoutlocation:
  world: world
  x: -0.645164626967588
  y: 68.0
  z: -1.7778684117662187
  yaw: 41.252533
  pitch: 16.949963
