uuid: 096b0f44-8459-3a40-85f6-8f4792578136
timestamps:
  login: 1406165824271
  logout: 1406165837628
ipAddress: 10.15.173.174
logoutlocation:
  world: world
  x: 0.48993518487575194
  y: 68.0
  z: 0.5282877379399968
  yaw: 185.85216
  pitch: -2.462864E-5
