uuid: 6a54f11b-a923-3f62-831a-edb6c90cc371
timestamps:
  login: 1408239548682
  logout: 1408239737692
ipAddress: 10.184.33.166
logoutlocation:
  world: world
  x: 0.5615767305858177
  y: 68.0
  z: -91.22254442856251
  yaw: 184.35217
  pitch: -6.4500127
