uuid: 3334502f-01d6-3185-add0-f931ff44414e
timestamps:
  login: 1411872362488
  logout: 1411873106345
ipAddress: 10.15.173.174
logoutlocation:
  world: world
  x: 215.0894181965628
  y: 65.0
  z: 1026.7634081110093
  yaw: 342.02686
  pitch: 19.800112
afk: false
