uuid: 50447df2-c94b-3a75-aff1-6aaa18382258
timestamps:
  login: 1408506261423
  logout: 1408508910369
ipAddress: 222.205.97.223
afk: false
logoutlocation:
  world: world
  x: 112.04515121614024
  y: 230.0
  z: 199.3060207424213
  yaw: -102.00391
  pitch: 7.3499937
