uuid: c7061c45-fed4-37a8-af66-436421c6d22b
timestamps:
  login: 1414497650724
  logout: 1414501505369
ipAddress: 222.205.115.48
logoutlocation:
  world: world
  x: 5183.627357063146
  y: 66.0
  z: 5131.321419253207
  yaw: 74.09375
  pitch: 2.7000134
