socialspy: false
uuid: ff5a4d39-9ccc-3684-b9a4-3eac64d55fe0
timestamps:
  login: 1401811428532
  logout: 1401812558389
ipAddress: 222.205.33.133
logoutlocation:
  world: world
  x: 153.81484802082878
  y: 128.0
  z: -301.6956805876751
  yaw: -89.8438
  pitch: 24.30005
