uuid: 73b645e5-e7ea-3a49-9b82-aee0dbd1d489
timestamps:
  login: 1417407232982
  logout: 1417407299384
ipAddress: 222.205.107.85
logoutlocation:
  world: world
  x: 5002.514208879706
  y: 84.0
  z: 5321.462087382405
  yaw: -29.249853
  pitch: -5.549992
money: '18558.0'
afk: false
