socialspy: false
timestamps:
  login: 1389618080186
  logout: 1389626339323
ipAddress: 10.189.204.123
logoutlocation:
  world: world
  x: 27.643588211931053
  y: 56.69833877371007
  z: 123.36660835106748
  yaw: -3.4500184
  pitch: 18.449993
