uuid: 07e90444-709f-3db1-bb60-e2a478370a32
timestamps:
  login: 1415114148800
  logout: 1415115071630
ipAddress: 10.189.47.243
logoutlocation:
  world: Resource
  x: -28.721934971760618
  y: 207.0
  z: 19.41824435724648
  yaw: 229.9155
  pitch: 10.50757
afk: false
money: '98.0'
