uuid: adc016d4-be5b-344e-b5d8-0d46646d9fd7
timestamps:
  login: 1416114345785
  logout: 1416114398052
ipAddress: 10.189.69.25
logoutlocation:
  world: world
  x: 8.291893537421371
  y: 69.0
  z: -34.94965375233067
  yaw: -154.34999
  pitch: 31.650002
afk: false
