uuid: 0fa34d4c-bc0f-3f9c-a977-f220814d0e8a
timestamps:
  login: 1416489090273
  logout: 1416489205752
ipAddress: 10.171.178.211
logoutlocation:
  world: world
  x: 5177.045118610552
  y: 66.0
  z: 5131.906557980903
  yaw: 258.8999
  pitch: 12.000005
afk: false
money: '332.0'
