uuid: 46b7ede7-7bdb-35bd-9560-3737425c8f1a
timestamps:
  login: 1416670140145
  logout: 1416670150902
ipAddress: 10.189.77.2
logoutlocation:
  world: world
  x: 0.48993518487575194
  y: 68.0
  z: 0.5282877379399968
  yaw: 182.40215
  pitch: -3.4500246
