uuid: c2a6fbf1-66c1-3a21-95cd-80dfb80cc941
timestamps:
  login: 1417662428971
  logout: 1417662434822
ipAddress: 10.12.34.187
logoutlocation:
  world: world
  x: 0.48993518487575194
  y: 68.0
  z: 0.5282877379399968
  yaw: 189.00215
  pitch: -3.6000245
