socialspy: false
timestamps:
  login: 1388713512065
  logout: 1388713788465
ipAddress: 10.110.7.125
logoutlocation:
  world: world
  x: -140.425000011921
  y: 63.0
  z: -12.300000011920897
  yaw: 91.64984
  pitch: 25.50004
