uuid: 92132e2b-14b1-38ad-b99c-44837dc6b350
timestamps:
  login: 1413097802228
  logout: 1413103328376
ipAddress: 222.205.110.147
logoutlocation:
  world: world
  x: -58.42054107458369
  y: 69.0
  z: -188.70514693259182
  yaw: -3.1113281
  pitch: 20.1
afk: false
