uuid: 5f1c404e-b73f-35c1-bdb6-275a02d75e01
timestamps:
  login: 1418136546682
  logout: 1418137513489
ipAddress: 222.205.11.192
afk: false
logoutlocation:
  world: world
  x: 905.5375692742628
  y: 63.0
  z: -429.0630272651493
  yaw: -216.87146
  pitch: 14.625596
