socialspy: false
timestamps:
  login: 1394254353796
  logout: 1394254396996
ipAddress: 10.12.74.8
logoutlocation:
  world: world
  x: 35.428288144569045
  y: 112.0
  z: 27.455928253847773
  yaw: 149.85995
  pitch: 12.450104
