uuid: fc7c23c6-421c-3727-bbe9-95be5a5d1af6
timestamps:
  login: 1414055853170
  logout: 1414056760652
ipAddress: 10.189.46.182
logoutlocation:
  world: world
  x: 289.1078083244386
  y: 77.0
  z: 157.33873850581114
  yaw: 182.85223
  pitch: -0.7499551
money: '4'
