afk: false
ipAddress: 222.205.98.9
lastAccountName: jjjjjim
logoutlocation:
  pitch: 20.249977
  world: world
  x: 152.44364942749786
  y: 110.0
  yaw: -9.597816
  z: -67.30000001192093
timestamps:
  login: 1414502371877
  logout: 1414505033135
