ipAddress: 222.205.42.8
lastAccountName: rio
logoutlocation:
  pitch: 22.499994
  world: world
  x: 73.71950471949947
  y: 71.0625
  yaw: -84.60001
  z: 142.14278364398962
timestamps:
  login: 1419090390598
  logout: 1419090442570
