ipAddress: 222.20.119.19
lastAccountName: vita
logoutlocation:
  pitch: 22.49996
  world: world
  x: 14.213242203235872
  y: 68.0
  yaw: 58.951992
  z: -6.4159213019244685
timestamps:
  login: 1411627587246
  logout: 1411627707459
