ipAddress: 210.32.167.203
lastAccountName: moying
logoutlocation:
  pitch: 13.799963
  world: world
  x: 96.72142244427675
  y: 68.0
  yaw: -158.4292
  z: -45.713585315826464
timestamps:
  login: 1410927110364
  logout: 1410927293308
