afk: false
ipAddress: 10.189.191.55
lastAccountName: kenv07
logoutlocation:
  pitch: 48.30006
  world: mczju
  x: -111.92500001192093
  y: 63.0
  yaw: -35.39989
  z: -71.14735352801736
timestamps:
  login: 1420706050927
  logout: 1420706219363
