afk: false
ipAddress: 10.190.68.8
lastAccountName: Phosphorus3
logoutlocation:
  pitch: -10.3499975
  world: mczju
  x: 398.49255824711753
  y: 68.0
  yaw: -87.75006
  z: -690.7415674100931
socialspy: false
timestamps:
  lastteleport: 1419584125078
  login: 1423041063595
  logout: 1423041082164
