afk: false
ipAddress: 222.205.50.107
lastAccountName: crazylifate
logoutlocation:
  pitch: 30.749989
  world: ZJU
  x: 57.58741229926592
  y: 70.74342633493721
  yaw: -302.83252
  z: -48.381936649056996
socialspy: false
timestamps:
  lastteleport: 1393498761019
  login: 1413552881875
  logout: 1413555421158
