ipAddress: 10.15.173.174
lastAccountName: wxz
logoutlocation:
  pitch: -2.462864e-05
  world: world
  x: 0.48993518487575194
  y: 68.0
  yaw: 185.85216
  z: 0.5282877379399968
timestamps:
  login: 1406165824271
  logout: 1406165837628
