ipAddress: 10.190.66.161
lastAccountName: pera
logoutlocation:
  pitch: -14.5499935
  world: mczju
  x: -170.108345867341
  y: 54.0
  yaw: -165.9754
  z: -423.64579860741907
money: '8936'
timestamps:
  lastteleport: 1419232370263
  login: 1422773018813
  logout: 1422773029988
