afk: false
ipAddress: 222.205.48.224
lastAccountName: keynes
logoutlocation:
  pitch: 10.200019
  world: world
  x: -10.06963921471143
  y: 139.0
  yaw: -6.9992065
  z: 244.33026635281902
socialspy: false
timestamps:
  lastteleport: 1408087183888
  login: 1411777751111
  logout: 1411782547004
