ipAddress: 222.205.15.199
lastAccountName: MadFrog
logoutlocation:
  pitch: -1.9499967
  world: mczju
  x: 0.4850104866813918
  y: 72.0
  yaw: -180.15079
  z: 0.5544515159877489
timestamps:
  login: 1422885499859
  logout: 1422885510300
