ipAddress: 10.171.179.131
lastAccountName: kself
logoutlocation:
  pitch: 0.89991724
  world: world
  x: 38.12315622777082
  y: 33.0
  yaw: -225.75586
  z: -856.2505581444104
timestamps:
  login: 1412915689175
  logout: 1412917151536
