afk: false
ipAddress: 10.171.176.140
lastAccountName: yanmin
logoutlocation:
  pitch: 23.550072
  world: mczju
  x: -221.61128619260268
  y: 64.0
  yaw: -195.15211
  z: 15.634759703188827
money: '332.0'
timestamps:
  lastteleport: 1419408561268
  login: 1419408231379
  logout: 1419409073439
