ipAddress: 10.13.122.221
lastAccountName: vampirec
logoutlocation:
  pitch: -3.3000245
  world: world
  x: 0.48993518487575194
  y: 68.0
  yaw: 180.60216
  z: 0.5282877379399968
socialspy: false
timestamps:
  login: 1403778502822
  logout: 1403778521833
