afk: false
ipAddress: 10.190.66.21
lastAccountName: NeonKrypton
logoutlocation:
  pitch: 16.499952
  world: mczju
  x: -2707.2502789188966
  y: 146.0
  yaw: -155.9231
  z: -581.918470108835
socialspy: false
timestamps:
  lastteleport: 1415024744887
  login: 1423014243094
  logout: 1423019303222
