afk: false
ipAddress: 10.180.86.88
lastAccountName: Conanstyl
logoutlocation:
  pitch: 15.000062
  world: world
  x: -4845.925000011921
  y: 64.0
  yaw: -336.29553
  z: -4973.743443650273
timestamps:
  login: 1419299492194
  logout: 1419299993250
