ipAddress: 222.205.108.107
lastAccountName: miaomiao
logoutlocation:
  pitch: 18.150007
  world: mczju
  x: -139.15879971237598
  y: 70.0
  yaw: 33.44873
  z: -98.44119602621903
timestamps:
  login: 1422073268051
  logout: 1422073691338
