afk: false
ipAddress: 222.205.19.64
lastAccountName: TinySymphony
logoutlocation:
  pitch: -39.450176
  world: mczju
  x: -1666.0362805477564
  y: 71.0
  yaw: 167.68896
  z: 952.6999999880793
timestamps:
  login: 1422490554198
  logout: 1422493424602
