afk: false
ipAddress: 210.32.191.58
lastAccountName: stone
logoutlocation:
  pitch: -20.25005
  world: world_nether
  x: -247.69999998807907
  y: 64.0
  yaw: -158.69891
  z: 332.2709911232653
socialspy: false
timestamps:
  lastteleport: 1389165326901
  login: 1414121659462
  logout: 1414121882834
