afk: false
ipAddress: 222.205.40.16
lastAccountName: Otaku
logoutlocation:
  pitch: -4.8003135
  world: mczju
  x: 78.80741471113556
  y: 102.0
  yaw: 357.88086
  z: -123.5420944654528
socialspy: false
timestamps:
  lastteleport: 1419088910635
  login: 1419408536066
  logout: 1419417636060
