ipAddress: 222.205.17.130
lastAccountName: player007
logoutlocation:
  pitch: 14.400004
  world: world
  x: -0.6532981879733805
  y: 68.0
  yaw: -111.60022
  z: 1.2217404324126941
socialspy: false
timestamps:
  login: 1399363131100
  logout: 1399363161895
