afk: false
ipAddress: 10.180.78.49
lastAccountName: Polyethylene
logoutlocation:
  pitch: 22.050013
  world: mczju_nether
  x: -277.30000001192093
  y: 65.0
  yaw: -195.44965
  z: 246.25503502281867
timestamps:
  login: 1423292465842
  logout: 1423293012647
