ipAddress: 222.205.99.196
lastAccountName: situku
logoutlocation:
  pitch: 24.300026
  world: world
  x: 287.15646290733696
  y: 53.0
  yaw: 127.636475
  z: 817.7316492877798
money: '31'
socialspy: false
timestamps:
  lastteleport: 1397903961468
  login: 1397902196101
  logout: 1397911337401
