ipAddress: 10.15.173.174
lastAccountName: saytoo
logoutlocation:
  pitch: -62.99999
  world: world
  x: -607.2707337413781
  y: 63.0
  yaw: 2.819912
  z: 476.3286226037608
timestamps:
  login: 1406167873316
  logout: 1406173330128
