ipAddress: 10.15.173.174
lastAccountName: czj
logoutlocation:
  pitch: -0.30001408
  world: world
  x: 3.94000291879178
  y: 68.0
  yaw: 176.70134
  z: 0.2557970762473283
timestamps:
  login: 1412252437460
  logout: 1412252598235
