ipAddress: 222.205.2.188
lastAccountName: Eonist
logoutlocation:
  pitch: 48.899925
  world: mczju
  x: -2018.5769122729425
  y: 57.0
  yaw: 57.90143
  z: 763.5208905714653
timestamps:
  login: 1419174292415
  logout: 1419175942610
