ipAddress: 222.205.110.114
lastAccountName: little
logoutlocation:
  pitch: 2.099995
  world: world
  x: 943.4367396122158
  y: 35.0
  yaw: 88.2
  z: -46.99376516950775
socialspy: false
timestamps:
  login: 1397968938096
  logout: 1397969124896
