afk: false
ipAddress: 10.190.68.229
lastAccountName: oldwood
logoutlocation:
  pitch: -6.149997
  world: mczju
  x: 309.659057454919
  y: 85.0
  yaw: -33.807938
  z: 125.0792934427891
money: '21760.0'
timestamps:
  lastteleport: 1419256544936
  login: 1423309888648
  logout: 1423336063130
