ipAddress: 10.180.29.69
lastAccountName: changchi
logoutlocation:
  pitch: 15.149948
  world: world
  x: -90.76364941906853
  y: 68.0
  yaw: 192.42062
  z: -83.69999998807907
timestamps:
  login: 1411103868571
  logout: 1411103892795
