ipAddress: 10.171.177.246
lastAccountName: Greeny
logoutlocation:
  pitch: -6.1979375
  world: mczju_nether
  x: -36.02074732846253
  y: 64.0
  yaw: 269.02838
  z: -1.3000000119209238
timestamps:
  login: 1421136839981
  logout: 1421137650873
