ipAddress: 10.189.45.147
lastAccountName: hitler
logoutlocation:
  pitch: 70.94998
  world: world_nether
  x: -2.3751622736922693
  y: 27.412702479664127
  yaw: 160.95226
  z: -229.03155518424632
timestamps:
  login: 1416227731609
  logout: 1416227962021
