afk: false
ipAddress: 10.190.68.219
lastAccountName: jian_ai
logoutlocation:
  pitch: 43.199966
  world: mczju
  x: -520.6621550981818
  y: 64.0
  yaw: -254.393
  z: 2129.46955408932
timestamps:
  lastteleport: 1419089821433
  login: 1423051101509
  logout: 1423053264399
