ipAddress: 10.180.31.61
lastAccountName: moyin
logoutlocation:
  pitch: 9.599975
  world: world_nether
  x: 122.69999998807906
  y: 64.0
  yaw: -315.44797
  z: -3.0688006885770394
money: '222.0'
timestamps:
  login: 1418113668466
  logout: 1418119995673
