afk: false
ipAddress: 10.190.64.100
lastAccountName: xdd
logoutlocation:
  pitch: 47.849983
  world: mczju
  x: -263.31326850335756
  y: 63.0
  yaw: -100.10687
  z: -76.12785863680709
timestamps:
  login: 1422796086382
  logout: 1422801266140
