ipAddress: 10.180.79.155
lastAccountName: htimeag
logoutlocation:
  pitch: 20.400108
  world: world
  x: -128.51831188203352
  y: 63.0
  yaw: 117.90222
  z: -353.0749999880791
socialspy: false
timestamps:
  login: 1403771856567
  logout: 1403773523820
