afk: false
ipAddress: 10.214.9.71
lastAccountName: litao
logoutlocation:
  pitch: 5.250029
  world: world
  x: 211.00806851021838
  y: 60.0
  yaw: 225.45052
  z: 400.74783909851783
timestamps:
  lastteleport: 1407307044286
  login: 1407401740117
  logout: 1407401746509
