ipAddress: 10.189.40.210
lastAccountName: whatfu
logoutlocation:
  pitch: 48.600044
  world: world
  x: 11.528579281056942
  y: 76.0
  yaw: -175.49988
  z: -410.06511178678176
timestamps:
  lastteleport: 1414112577023
  login: 1414112534214
  logout: 1414112788308
