afk: false
ipAddress: 222.205.23.52
lastAccountName: cyx_op
logoutlocation:
  pitch: 14.849856
  world: world
  x: 22.892553157660863
  y: 69.0
  yaw: 246.90004
  z: -40.99918715803412
timestamps:
  lastteleport: 1421233882450
  login: 1421233781269
  logout: 1421233903411
