ipAddress: 210.32.166.199
lastAccountName: bolyor
logoutlocation:
  pitch: 46.753605
  world: world
  x: 24.89333136759841
  y: 68.0
  yaw: -236.71484
  z: -2.7922155994250093
socialspy: false
timestamps:
  login: 1410618791436
  logout: 1410618997807
