ipAddress: 10.15.173.174
lastAccountName: ezon
logoutlocation:
  pitch: -3.0000246
  world: world
  x: 0.48993518487575194
  y: 68.0
  yaw: 181.95215
  z: 0.5282877379399968
timestamps:
  login: 1413469160258
  logout: 1413469167702
