afk: false
ipAddress: 10.189.129.217
lastAccountName: platinum
logoutlocation:
  pitch: 12.600056
  world: mczju
  x: -892.0791092052879
  y: 63.0
  yaw: 6.14093
  z: -824.7729902891183
timestamps:
  lastteleport: 1419493957112
  login: 1420779549364
  logout: 1420780017380
