ipAddress: 222.205.16.197
lastAccountName: java
logoutlocation:
  pitch: 25.650038
  world: world
  x: 202.9884261152127
  y: 65.0
  yaw: 43.50287
  z: -3876.699999988079
timestamps:
  login: 1414563143957
  logout: 1414563491781
