ipAddress: 222.205.0.19
lastAccountName: hokodo
logoutlocation:
  pitch: -9.4500065
  world: mczju
  x: -11.300000011920922
  y: 60.0
  yaw: -130.7999
  z: 17.30000001192093
timestamps:
  login: 1419086361147
  logout: 1419086814119
