ipAddress: 10.189.77.2
lastAccountName: yyz606
logoutlocation:
  pitch: -3.4500246
  world: world
  x: 0.48993518487575194
  y: 68.0
  yaw: 182.40215
  z: 0.5282877379399968
timestamps:
  login: 1416670140145
  logout: 1416670150902
