ipAddress: 10.189.44.79
lastAccountName: MONSTERLI
logoutlocation:
  pitch: 16.349867
  world: mczju
  x: -1842.9929527193124
  y: 69.0
  yaw: -207.5835
  z: -142.31029804038087
timestamps:
  login: 1420641053827
  logout: 1420641171483
