ipAddress: 210.32.170.28
lastAccountName: ghost
logoutlocation:
  pitch: 68.25001
  world: ZJU
  x: 499.58387091382014
  y: 93.0127821573633
  yaw: 212.25928
  z: -0.7012336360021904
timestamps:
  login: 1414415149547
  logout: 1414415684153
