afk: false
ipAddress: 222.205.6.108
lastAccountName: Pera
logoutlocation:
  pitch: 10.050001
  world: mczju
  x: 1640.0
  y: 63.0
  yaw: 5.4000006
  z: -1834.0
money: '974.0'
timestamps:
  lastteleport: 1419089447330
  login: 1419508803834
  logout: 1419510451057
