afk: false
ipAddress: 222.205.35.166
lastAccountName: Linux
logoutlocation:
  pitch: 16.649973
  world: mczju
  x: 385.1858519753604
  y: 40.0
  yaw: 308.5485
  z: -947.587944196246
socialspy: false
timestamps:
  lastteleport: 1419130489258
  login: 1419926980635
  logout: 1419928824676
