afk: false
ipAddress: 10.15.173.174
lastAccountName: conan2
logoutlocation:
  pitch: 13.20001
  world: world_nether
  x: 69.04286326096876
  y: 64.0
  yaw: 171.3131
  z: 52.14688124862561
money: '726.0'
timestamps:
  lastteleport: 1405392974466
  login: 1406384161603
  logout: 1406384360959
