afk: false
ipAddress: 10.190.64.35
lastAccountName: food
logoutlocation:
  pitch: 12.338638
  world: world
  x: -3.0289555171001368
  y: 68.0
  yaw: 10.690491
  z: -12.911537752635912
timestamps:
  lastteleport: 1415027379177
  login: 1416140815376
  logout: 1416141026526
