ipAddress: 10.171.176.178
lastAccountName: kidconan
logoutlocation:
  pitch: -3.4500246
  world: world
  x: 0.48993518487575194
  y: 68.0
  yaw: 182.10214
  z: 0.5282877379399968
timestamps:
  login: 1414410118677
  logout: 1414410146855
