ipAddress: 10.214.24.14
lastAccountName: fengbs
logoutlocation:
  pitch: 20.549978
  world: world
  x: 615.7263335320546
  y: 69.0
  yaw: -107.846924
  z: 677.6173624470318
timestamps:
  login: 1418104684799
  logout: 1418107138542
