afk: false
ipAddress: 222.205.24.137
lastAccountName: Rio
logoutlocation:
  pitch: 10.650163
  world: mczju
  x: -517.7580244483013
  y: 65.0
  yaw: -178.45294
  z: -667.6491633434798
money: '224.0'
timestamps:
  lastteleport: 1419090957546
  login: 1420094630778
  logout: 1420097800712
