ipAddress: 210.32.168.211
lastAccountName: safr
logoutlocation:
  pitch: 29.55001
  world: world
  x: 8.137499988079075
  y: 119.0
  yaw: -109.647156
  z: -38.802632701893415
timestamps:
  login: 1411826294332
  logout: 1411826477842
