ipAddress: 10.180.94.250
lastAccountName: WyTiny
logoutlocation:
  pitch: -7.0500045
  world: mczju
  x: 51.818545591695745
  y: 79.0
  yaw: -175.50006
  z: -12.256797195660996
timestamps:
  login: 1420437237008
  logout: 1420437492833
