ipAddress: 210.32.169.150
lastAccountName: tera
logoutlocation:
  pitch: -3.4500246
  world: world
  x: 0.48993518487575194
  y: 68.0
  yaw: 182.10214
  z: 0.5282877379399968
timestamps:
  login: 1411739570606
  logout: 1411739591026
