afk: false
ipAddress: 222.205.97.223
lastAccountName: xiaoxi
logoutlocation:
  pitch: 7.3499937
  world: world
  x: 112.04515121614024
  y: 230.0
  yaw: -102.00391
  z: 199.3060207424213
timestamps:
  login: 1408506261423
  logout: 1408508910369
