afk: false
ipAddress: 222.205.49.57
lastAccountName: NickAlds
logoutlocation:
  pitch: 22.80001
  world: mczju
  x: -2087.0115351659524
  y: 67.0
  yaw: 38.85009
  z: 315.3071598706051
money: '0.0'
timestamps:
  lastteleport: 1421929275479
  login: 1422084158996
  logout: 1422084540773
