ipAddress: 210.32.150.179
lastAccountName: summer
logoutlocation:
  pitch: 6.900006
  world: world
  x: 4.300000011920926
  y: 71.0
  yaw: 73.35002
  z: 12.699999988079071
timestamps:
  login: 1413523925369
  logout: 1413524068314
