ipAddress: 10.110.0.34
lastAccountName: 'False'
logoutlocation:
  pitch: 13.349998
  world: mczju
  x: 0.4983115916431722
  y: 64.0
  yaw: -184.05193
  z: 0.49430058283277434
timestamps:
  login: 1422457526394
  logout: 1422457622541
