ipAddress: 222.205.17.115
lastAccountName: bruce_ming
logoutlocation:
  pitch: 16.95
  world: world
  x: 4945.488128112625
  y: 68.0
  yaw: -18.150003
  z: 5209.851706344173
timestamps:
  login: 1417005530965
  logout: 1417006596981
