ipAddress: 10.180.73.213
lastAccountName: bai_dandan
logoutlocation:
  pitch: 19.049866
  world: world
  x: -46.3979354775358
  y: 78.0
  yaw: 169.86526
  z: -42.58184151906251
socialspy: false
timestamps:
  login: 1402405471834
  logout: 1402405506834
