afk: false
ipAddress: 10.190.65.172
lastAccountName: shadow
logoutlocation:
  pitch: 22.95002
  world: mczju
  x: -291.8450209906366
  y: 66.0
  yaw: -115.34938
  z: -116.69999998807907
money: '590.0'
timestamps:
  lastteleport: 1419127093094
  login: 1422771755123
  logout: 1422772226769
