ipAddress: 222.205.26.77
lastAccountName: deng
logoutlocation:
  pitch: 11.400006
  world: world
  x: -0.7500545812118949
  y: 70.1707870772188
  yaw: 7.3499928
  z: 92.95511724109697
socialspy: false
timestamps:
  login: 1396883581951
  logout: 1396883691751
