ipAddress: 10.141.31.13
lastAccountName: BabyJ8
logoutlocation:
  pitch: 28.412506
  world: mczju_nether
  x: 0.6472872700202377
  y: 64.0
  yaw: -284.7016
  z: 1.234689054404597
timestamps:
  login: 1419138521761
  logout: 1419138696817
