afk: false
ipAddress: 222.205.20.141
lastAccountName: MC_coloku
logoutlocation:
  pitch: 16.949993
  world: mczju
  x: 549.9099608029975
  y: 72.0
  yaw: -60.000015
  z: -81.24427455993786
money: '3598.0'
timestamps:
  lastteleport: 1412332388753
  login: 1419142342060
  logout: 1419142360506
