afk: false
ipAddress: 210.32.190.15
lastAccountName: ynix
logoutlocation:
  pitch: 63.900066
  world: ZJU
  x: 58.47420240227661
  y: 111.75995114960622
  yaw: -128.85132
  z: -113.08995274442219
timestamps:
  lastteleport: 1417336255935
  login: 1417494409859
  logout: 1417496534941
