ipAddress: 10.189.40.210
lastAccountName: whatf
logoutlocation:
  pitch: 61.049965
  world: world
  x: 14.68430337950122
  y: 74.0
  yaw: -183.0008
  z: -433.9473301082493
timestamps:
  lastteleport: 1414112327671
  login: 1414112285366
  logout: 1414112940815
