ipAddress: 222.205.110.148
lastAccountName: ice_cup
logoutlocation:
  pitch: 25.349997
  world: Resource
  x: 45.655912061552726
  y: 203.0
  yaw: 70.69108
  z: -52.72903935907565
money: '60.0'
socialspy: false
timestamps:
  lastteleport: 1395999036587
  login: 1396000170284
  logout: 1396000197725
