ipAddress: 10.189.160.231
lastAccountName: arthas
logoutlocation:
  pitch: 3.5550156
  world: world
  x: 0.48993518487575194
  y: 68.0
  yaw: 184.10359
  z: 0.5282877379399968
timestamps:
  login: 1414143171332
  logout: 1414143193825
