afk: false
ipAddress: 10.190.64.181
lastAccountName: W_ing
logoutlocation:
  pitch: -15.15005
  world: mczju
  x: 235.68731441265794
  y: 110.0
  yaw: 24.617554
  z: 145.96900641875922
money: '3904.0'
timestamps:
  lastteleport: 1419088817777
  login: 1422772433905
  logout: 1422774118392
