ipAddress: 10.180.50.132
lastAccountName: bighammerwang
logoutlocation:
  pitch: 4.5000215
  world: world
  x: -151.0357524012909
  y: 70.0
  yaw: -109.65015
  z: -133.51326404899726
socialspy: false
timestamps:
  login: 1396155551393
  logout: 1396155797783
