ipAddress: 10.180.16.164
lastAccountName: superpig
logoutlocation:
  pitch: 24.29999
  world: world
  x: 315.30000001192093
  y: 64.0
  yaw: 184.95001
  z: 269.69999998807907
timestamps:
  login: 1413972731138
  logout: 1413973690363
