ipAddress: 222.205.49.57
lastAccountName: NickAlDs
logoutlocation:
  pitch: 15.599993
  world: world
  x: 942.4465066309116
  y: 42.0
  yaw: -267.14996
  z: -59.69999998807907
timestamps:
  login: 1419092517523
  logout: 1419092617400
