ipAddress: 10.180.64.9
lastAccountName: tiger
logoutlocation:
  pitch: 45.00003
  world: ZJU
  x: -513.5012267672673
  y: 65.0
  yaw: 343.9485
  z: -786.871617602141
timestamps:
  login: 1413953144751
  logout: 1413954186517
