ipAddress: 10.190.68.8
lastAccountName: Phosphorus2
logoutlocation:
  pitch: 19.949982
  world: mczju
  x: 396.411659687596
  y: 74.0
  yaw: -29.85025
  z: -685.7042485554566
timestamps:
  lastteleport: 1423040440914
  login: 1423040735995
  logout: 1423040992028
