ipAddress: 222.205.104.56
lastAccountName: Haution
logoutlocation:
  pitch: 18.749994
  world: mczju
  x: -1844.5826797528482
  y: 106.0
  yaw: -88.204796
  z: -846.6555226086986
timestamps:
  login: 1423200530058
  logout: 1423200588034
