ipAddress: 10.171.179.221
lastAccountName: heyan
logoutlocation:
  pitch: 12.000001
  world: world
  x: 10.808093482744628
  y: 68.0
  yaw: -29.849976
  z: -74.51182637300074
timestamps:
  login: 1419607534236
  logout: 1419607599252
