afk: false
ipAddress: 10.180.70.130
lastAccountName: yrzr
logoutlocation:
  pitch: 1.5258789e-06
  world: mczju
  x: -49.564422548661334
  y: 65.0
  yaw: -233.99121
  z: 90.86105206317495
money: '27251.0'
timestamps:
  lastteleport: 1419696175356
  login: 1422272069099
  logout: 1422273130663
