ipAddress: 10.180.67.47
lastAccountName: volcanno
logoutlocation:
  pitch: 38.70004
  world: world
  x: 4.456390032940309
  y: 76.0
  yaw: 74.84291
  z: -1157.0454408184414
socialspy: false
timestamps:
  login: 1400414499708
  logout: 1400415173193
