afk: false
ipAddress: 222.205.45.144
lastAccountName: Jian_ai
logoutlocation:
  pitch: 27.6
  world: mczju
  x: -553.2062747612807
  y: 48.0
  yaw: 100.65002
  z: 2032.300000011921
money: '5046.8332319'
timestamps:
  lastteleport: 1419086615745
  login: 1420209605471
  logout: 1420209673207
