afk: false
ipAddress: 10.190.65.71
lastAccountName: luyi233
logoutlocation:
  pitch: 41.70004
  world: mczju
  x: 2029.487500011921
  y: 79.0
  yaw: 64.199524
  z: -1225.1789665950853
timestamps:
  login: 1421043562324
  logout: 1421043774507
