afk: false
ipAddress: 10.180.81.44
lastAccountName: rolling_donkey
logoutlocation:
  pitch: 87.45
  world: world_nether
  x: -8.225890131996449
  y: 32.0
  yaw: 343.49988
  z: 10.511195362528452
timestamps:
  login: 1411145513210
  logout: 1411147264912
