ipAddress: 10.190.64.55
lastAccountName: ziyeran
logoutlocation:
  pitch: -2.9999967
  world: mczju
  x: 0.4850104866813918
  y: 72.0
  yaw: -178.65083
  z: 0.5544515159877489
timestamps:
  login: 1420873159578
  logout: 1420873218204
