afk: false
ipAddress: 10.190.67.219
lastAccountName: Xiny_yniX
logoutlocation:
  pitch: 23.999996
  world: mczju
  x: -2002.2616765445173
  y: 69.0
  yaw: 242.6753
  z: 758.3348395630569
money: '16943.0'
timestamps:
  lastteleport: 1419093983393
  login: 1422705794678
  logout: 1422711102724
