ipAddress: 210.32.151.23
lastAccountName: osn
logoutlocation:
  pitch: 10.950131
  world: world
  x: -7.887558920377496
  y: 64.0
  yaw: -349.34763
  z: 109.63801026611235
timestamps:
  login: 1410682693373
  logout: 1410682916645
