ipAddress: 222.205.55.205
lastAccountName: sakura
logoutlocation:
  pitch: 8.549977
  world: world
  x: 10.257171919997948
  y: 68.0
  yaw: 28.952236
  z: 18.73082808838444
money: '3019.0'
timestamps:
  lastteleport: 1414550300249
  login: 1414950968839
  logout: 1414951260508
