ipAddress: 10.171.176.140
lastAccountName: yzl321
logoutlocation:
  pitch: 0.4499978
  world: mczju
  x: 0.4983115916431721
  y: 64.0
  yaw: -181.2019
  z: 0.49430058283277434
timestamps:
  login: 1419404393285
  logout: 1419404397285
