ipAddress: 222.205.15.199
lastAccountName: Dai2
logoutlocation:
  pitch: 4.4999986
  world: mczju
  x: 9.269107230170714
  y: 72.0
  yaw: -5.7008057
  z: 24.879060279290982
money: '495.0'
timestamps:
  login: 1423049203568
  logout: 1423049405868
