afk: false
ipAddress: 222.205.20.141
lastAccountName: coloku
logoutlocation:
  pitch: 24.600004
  world: mczju
  x: 550.1176167120432
  y: 72.0
  yaw: 115.4953
  z: -80.78319372656935
money: '769.0'
timestamps:
  lastteleport: 1419137395389
  login: 1419171548991
  logout: 1419171803628
