afk: false
ipAddress: 222.205.59.249
lastAccountName: luyi_b
logoutlocation:
  pitch: 10.499953
  world: ZJU
  x: -1.0318678387279645
  y: 71.54755192086665
  yaw: 106.35062
  z: 31.55574932067426
timestamps:
  lastteleport: 1413735236718
  login: 1414989320506
  logout: 1414989460460
