ipAddress: 10.190.65.181
lastAccountName: noob
logoutlocation:
  pitch: 1.8691913
  world: mczju
  x: 110.73946154706967
  y: 63.0
  yaw: 288.05258
  z: -10.075498252525323
timestamps:
  login: 1419089488382
  logout: 1419095018526
