ipAddress: 10.189.172.67
lastAccountName: Google
logoutlocation:
  pitch: 13.20002
  world: mczju
  x: -760.2589497566968
  y: 63.0
  yaw: -165.00038
  z: 653.9553068962776
timestamps:
  lastteleport: 1419181818630
  login: 1419227683313
  logout: 1419228338323
