ipAddress: 10.189.191.55
lastAccountName: cooldown
logoutlocation:
  pitch: 1.6499594
  world: mczju
  x: 91.3178189708706
  y: 87.0
  yaw: 180.44788
  z: -113.69999998807909
timestamps:
  login: 1420706493632
  logout: 1420707173755
