afk: false
ipAddress: 222.205.105.16
lastAccountName: cirno
logoutlocation:
  pitch: -12.149994
  world: world
  x: 34.477660787990985
  y: 64.0
  yaw: 328.1985
  z: 152.6282887695405
socialspy: false
timestamps:
  lastteleport: 1390147077739
  login: 1413798952636
  logout: 1413799086256
