afk: false
ipAddress: 222.205.97.8
lastAccountName: melody
logoutlocation:
  pitch: 9.450032
  world: world_nether
  x: -201.1908893298264
  y: 64.0
  yaw: 5.9969482
  z: 355.7083979486637
socialspy: false
timestamps:
  lastteleport: 1388045674968
  login: 1415284668251
  logout: 1415286097785
