ipAddress: 10.171.180.132
lastAccountName: Fiamma
logoutlocation:
  pitch: 26.250011
  world: mczju
  x: -752.8450763705279
  y: 63.0
  yaw: 139.49991
  z: -905.8919559670732
timestamps:
  lastteleport: 1419504944618
  login: 1419603327918
  logout: 1419603350471
