afk: false
ipAddress: 10.190.67.8
lastAccountName: jiye
logoutlocation:
  pitch: 66.90002
  world: mczju
  x: -1850.425000011921
  y: 64.0
  yaw: 306.1748
  z: 1644.257508070363
money: '1838.0'
timestamps:
  lastteleport: 1419090895270
  login: 1422847044502
  logout: 1422848785139
