afk: false
ipAddress: 10.189.40.210
lastAccountName: helmholtz
logoutlocation:
  pitch: 34.799713
  world: world
  x: -0.45927533849911606
  y: 64.0
  yaw: 156.90187
  z: -428.30000001192093
timestamps:
  lastteleport: 1414063312875
  login: 1414117626208
  logout: 1414117634411
