afk: false
ipAddress: 10.180.48.55
lastAccountName: xiny
logoutlocation:
  pitch: -1.0499971
  world: world
  x: -874.9112053488791
  y: 64.0
  yaw: -159.7493
  z: 858.30424471218
money: '104.0'
timestamps:
  lastteleport: 1413348762463
  login: 1417698334427
  logout: 1417698780359
