ipAddress: 10.189.66.84
lastAccountName: joke
logoutlocation:
  pitch: 20.100023
  world: mczju
  x: 2392.959024974182
  y: 70.0
  yaw: -161.28198
  z: -1818.9708308803533
timestamps:
  login: 1419603665478
  logout: 1419603673850
