afk: false
ipAddress: 10.190.66.46
lastAccountName: Kami
logoutlocation:
  pitch: 8.850109
  world: mczju
  x: 621.7605595553479
  y: 76.0
  yaw: -175.17053
  z: -431.6721241700218
timestamps:
  login: 1423317859724
  logout: 1423320954478
