ipAddress: 10.171.178.25
lastAccountName: lenovo
logoutlocation:
  pitch: -3.4500246
  world: world
  x: 0.48993518487575194
  y: 68.0
  yaw: 182.10214
  z: 0.5282877379399968
timestamps:
  login: 1414417236589
  logout: 1414417316057
