afk: false
ipAddress: 10.15.173.174
lastAccountName: sjjklh
logoutlocation:
  pitch: -36.150757
  world: ZJU
  x: -865.097697070457
  y: 65.0
  yaw: 189.8706
  z: -225.35155106939825
socialspy: false
timestamps:
  lastteleport: 1395917202831
  login: 1415009306299
  logout: 1415011199374
