afk: false
ipAddress: 222.205.105.136
lastAccountName: qiekenao
logoutlocation:
  pitch: 5.2499604
  world: world
  x: 9.324149191467718
  y: 68.0
  yaw: -23.87917
  z: 37.960691171516714
socialspy: false
timestamps:
  lastteleport: 1412336010872
  login: 1412335781206
  logout: 1412336409731
