afk: false
ipAddress: 222.205.110.147
lastAccountName: zhan_o
logoutlocation:
  pitch: 20.1
  world: world
  x: -58.42054107458369
  y: 69.0
  yaw: -3.1113281
  z: -188.70514693259182
timestamps:
  login: 1413097802228
  logout: 1413103328376
