afk: false
ipAddress: 10.110.0.32
lastAccountName: Ryan
logoutlocation:
  pitch: 39.749798
  world: mczju
  x: -29.152640295076736
  y: 102.0
  yaw: -42.600353
  z: 551.7624999880791
timestamps:
  login: 1423322877023
  logout: 1423329245788
