afk: false
ipAddress: 10.189.197.161
lastAccountName: lyb
logoutlocation:
  pitch: 31.050034
  world: mczju
  x: -96.4596542002573
  y: 68.5625
  yaw: -336.45135
  z: -983.6744302294925
money: '0.0'
timestamps:
  lastteleport: 1420609984449
  login: 1420609000181
  logout: 1420611144735
