afk: false
ipAddress: 210.32.186.217
lastAccountName: lipe
logoutlocation:
  pitch: 35.099987
  world: ZJU
  x: -93.93698405863218
  y: 65.0
  yaw: 182.55011
  z: -3.2657070575067806
money: '1893.0'
timestamps:
  lastteleport: 1413808714965
  login: 1414486127122
  logout: 1414486237331
