ipAddress: 10.189.40.210
lastAccountName: r_lipe
logoutlocation:
  pitch: 44.69989
  world: world
  x: -1.3874790139110433
  y: 64.0
  yaw: 123.30249
  z: -428.30000001192093
timestamps:
  lastteleport: 1414068279323
  login: 1414112902118
  logout: 1414113323316
