afk: false
ipAddress: 10.190.65.46
lastAccountName: ddhenan
logoutlocation:
  pitch: -0.74999684
  world: mczju
  x: -713.1386469307456
  y: 67.0
  yaw: -157.50024
  z: -705.0128398207645
timestamps:
  login: 1423237716817
  logout: 1423237835263
