afk: false
ipAddress: 10.189.161.198
lastAccountName: leonadoooo
logoutlocation:
  pitch: 34.50001
  world: world
  x: 4898.699999988079
  y: 75.0
  yaw: -84.90396
  z: 5197.699999988079
timestamps:
  login: 1415174918087
  logout: 1415181633941
