afk: false
ipAddress: 10.189.169.21
lastAccountName: ANOTHER
logoutlocation:
  pitch: 4.9499874
  world: mczju_nether
  x: 250.01585381948155
  y: 64.0
  yaw: -85.050575
  z: -152.73414245118514
timestamps:
  login: 1421400101896
  logout: 1421402282008
