afk: false
ipAddress: 10.76.0.122
lastAccountName: bingo
logoutlocation:
  pitch: -18.450016
  world: world
  x: -25.783477880839555
  y: 68.0
  yaw: -184.94781
  z: -11.413295788300813
timestamps:
  login: 1412396572558
  logout: 1412397152260
