afk: false
ipAddress: 10.189.203.100
lastAccountName: Gin_Nanshan
logoutlocation:
  pitch: 10.349892
  world: mczju
  x: 1657.397028097846
  y: 64.0
  yaw: 292.20392
  z: 1162.8975737000856
money: '4720'
timestamps:
  lastteleport: 1420629918238
  login: 1421233616677
  logout: 1421234504517
