ipAddress: 222.205.31.108
lastAccountName: mie
logoutlocation:
  pitch: 11.549947
  world: mczju_nether
  x: -12.654863895608633
  y: 64.0
  yaw: 13.040009
  z: -125.69999998807907
timestamps:
  login: 1419248156635
  logout: 1419248531548
