ipAddress: 222.205.55.35
lastAccountName: GodGin
logoutlocation:
  pitch: 16.199968
  world: world
  x: -358.40175765371936
  y: 75.0
  yaw: -357.89807
  z: -290.32168680640876
money: '124'
timestamps:
  login: 1421224619357
  logout: 1421225766744
