afk: false
ipAddress: 222.205.20.141
lastAccountName: gudusouwei
logoutlocation:
  pitch: 12.600007
  world: mczju
  x: -0.008706598218381656
  y: 64.0
  yaw: -179.40001
  z: 2.539664828161754
money: '28.0'
timestamps:
  lastteleport: 1409116123148
  login: 1419136887058
  logout: 1419137032467
