ipAddress: 10.189.42.39
lastAccountName: LiPEST
logoutlocation:
  pitch: 25.050007
  world: mczju
  x: -754.6999999880791
  y: 63.0
  yaw: -143.54114
  z: 629.2298828372599
money: '66'
timestamps:
  lastteleport: 1419173039867
  login: 1419170857416
  logout: 1419174986264
