ipAddress: 222.205.49.57
lastAccountName: Nick18
logoutlocation:
  pitch: 10.049985
  world: mczju
  x: 21.699999988079067
  y: 66.0
  yaw: -24.151978
  z: -9.313649387717849
timestamps:
  login: 1419170529341
  logout: 1419170566823
