ipAddress: 10.171.176.235
lastAccountName: BORIS_MING
logoutlocation:
  pitch: 5.8499956
  world: mczju
  x: -267.2816901442649
  y: 72.0
  yaw: -265.80002
  z: -380.29819434362076
timestamps:
  login: 1422330869475
  logout: 1422330969867
