afk: false
ipAddress: 222.205.13.148
lastAccountName: G_shadow
logoutlocation:
  pitch: 11.849982
  world: mczju_nether
  x: 30.675667680010523
  y: 64.0
  yaw: -12.001475
  z: 2.0899161595422724
money: '4476.5'
timestamps:
  lastteleport: 1419089441555
  login: 1422874690574
  logout: 1422875781315
