afk: false
ipAddress: 10.15.173.174
lastAccountName: daboyao
logoutlocation:
  pitch: 16.049957
  world: world
  x: 969.4603121670026
  y: 74.0
  yaw: 185.25145
  z: 41.276118505726316
socialspy: false
timestamps:
  lastteleport: 1397320099272
  login: 1397834766887
  logout: 1397835992487
