ipAddress: 222.205.25.12
lastAccountName: window
logoutlocation:
  pitch: -0.4500246
  world: world
  x: 0.48993518487575194
  y: 68.0
  yaw: 184.80214
  z: 0.5282877379399968
timestamps:
  login: 1413033044853
  logout: 1413033046747
