ipAddress: 210.32.189.209
lastAccountName: xinghun_sui
logoutlocation:
  pitch: -11.550014
  world: world
  x: 277.6964131647221
  y: 97.0
  yaw: -356.54462
  z: 27.350746893479158
socialspy: false
timestamps:
  lastteleport: 1396093851757
  login: 1398341392084
  logout: 1398341453534
