ipAddress: 222.205.42.8
lastAccountName: zyf5236
logoutlocation:
  pitch: 6.4500012
  world: mczju
  x: -196.73778314147114
  y: 66.0
  yaw: 45.14996
  z: -445.5847220887712
timestamps:
  login: 1419740563550
  logout: 1419740637941
