afk: false
ipAddress: 210.32.153.214
lastAccountName: storm
logoutlocation:
  pitch: 14.550068
  world: mczju
  x: 81.33348787329064
  y: 88.0
  yaw: 83.101074
  z: -21.854476073935423
money: '13069.0'
timestamps:
  lastteleport: 1419091466031
  login: 1422511025095
  logout: 1422511779660
