ipAddress: 222.205.116.133
lastAccountName: aaa
logoutlocation:
  pitch: -37.650005
  world: world
  x: 315.28400006003335
  y: 62.0
  yaw: 229.20296
  z: -365.62794591918004
timestamps:
  login: 1414054685983
  logout: 1414054720260
