afk: false
ipAddress: 10.190.65.229
lastAccountName: '0_0'
logoutlocation:
  pitch: 28.049929
  world: mczju
  x: 2030.9189600604632
  y: 79.5625
  yaw: -180.60507
  z: -1227.0039372513872
socialspy: false
timestamps:
  lastteleport: 1419993551296
  login: 1419994407347
  logout: 1419994758574
