ipAddress: 10.180.30.188
lastAccountName: small
logoutlocation:
  pitch: 5.0629807
  world: world
  x: 127.41857431659903
  y: 68.0
  yaw: 271.7835
  z: 1.6498958532914472
timestamps:
  login: 1407084570762
  logout: 1407084637449
