afk: false
ipAddress: 222.205.13.152
lastAccountName: blueland
logoutlocation:
  pitch: 56.4
  world: mczju
  x: -3.109654093884641
  y: 77.0
  yaw: -16.19931
  z: -94.34947630639395
money: '8059.0'
timestamps:
  lastteleport: 1419681225933
  login: 1419677363157
  logout: 1419681390356
