afk: false
ipAddress: 10.189.197.83
lastAccountName: xxyy
logoutlocation:
  pitch: -7.799981
  world: mczju
  x: -221.8643579849633
  y: 64.0
  yaw: 357.14886
  z: -56.85819501735345
timestamps:
  login: 1422367743988
  logout: 1422369119081
