afk: false
ipAddress: 10.190.65.166
lastAccountName: MadWorld
logoutlocation:
  pitch: 37.49998
  world: mczju
  x: -707.3000000119209
  y: 68.0
  yaw: -32.85083
  z: -695.8892122077523
timestamps:
  login: 1423237729967
  logout: 1423239771881
