afk: false
ipAddress: 222.205.37.104
lastAccountName: ali
logoutlocation:
  pitch: 1.949977
  world: mczju
  x: -133.06924257323163
  y: 71.0
  yaw: -3.2993054
  z: -464.44781620154276
timestamps:
  login: 1419836319399
  logout: 1419836686836
