ipAddress: 10.189.66.84
lastAccountName: Joke
logoutlocation:
  pitch: 17.399994
  world: mczju
  x: -146.67374546603224
  y: 63.0
  yaw: 2.8499756
  z: -1005.0920836195012
timestamps:
  login: 1419591256906
  logout: 1419591283212
