ipAddress: 10.180.66.77
lastAccountName: seadreamer
logoutlocation:
  pitch: 1.6499978
  world: mczju
  x: 0.4983115916431722
  y: 64.0
  yaw: -181.6519
  z: 0.49430058283277434
timestamps:
  login: 1419098347567
  logout: 1419098414696
