ipAddress: 222.205.106.9
lastAccountName: zhou
logoutlocation:
  pitch: 15.149896
  world: world
  x: -47.86689511109495
  y: 82.0
  yaw: 202.07397
  z: -29.908865185351267
socialspy: false
timestamps:
  login: 1402226138172
  logout: 1402231990475
