ipAddress: 10.12.34.187
lastAccountName: nasty
logoutlocation:
  pitch: 14.999715
  world: world
  x: 985.1739613905171
  y: 20.0
  yaw: -60.29001
  z: -485.008911292746
timestamps:
  login: 1423210100168
  logout: 1423210565965
