afk: false
ipAddress: 10.189.52.57
lastAccountName: lzy
logoutlocation:
  pitch: 27.149982
  world: ZJU
  x: -583.4869859514232
  y: 69.0
  yaw: 340.2002
  z: -812.7014072273344
timestamps:
  lastteleport: 1414236116973
  login: 1415011089771
  logout: 1415012501862
