afk: false
ipAddress: 222.205.55.205
lastAccountName: izayoi_sakuya
logoutlocation:
  pitch: 25.499992
  world: mczju
  x: -163.23417908295866
  y: 70.0
  yaw: -230.53006
  z: 1580.251478742018
timestamps:
  lastteleport: 1419303508195
  login: 1421513122344
  logout: 1421513215621
