afk: false
ipAddress: 222.205.4.2
lastAccountName: qingxi627
logoutlocation:
  pitch: 4.050013
  world: world
  x: 142.01741238449296
  y: 71.0
  yaw: -111.301025
  z: -212.69999998807907
timestamps:
  login: 1416405765355
  logout: 1416405879096
