afk: false
ipAddress: 10.214.50.221
lastAccountName: binxian
logoutlocation:
  pitch: 7.94994
  world: world
  x: 32.609404650070594
  y: 68.0
  yaw: 258.4522
  z: -37.68910540739773
timestamps:
  login: 1406634709784
  logout: 1406634736926
