ipAddress: 222.205.107.169
lastAccountName: huominghu
logoutlocation:
  pitch: 13.949961
  world: world
  x: -92.62509050464539
  y: 71.0
  yaw: 72.15045
  z: 99.86884822568297
timestamps:
  login: 1411524157703
  logout: 1411524503488
