afk: false
ipAddress: 10.180.30.238
lastAccountName: skymoon
logoutlocation:
  pitch: 15.449987
  world: world
  x: -182.47134508001366
  y: 63.0
  yaw: 271.7994
  z: 151.88896947882057
timestamps:
  login: 1409124689461
  logout: 1409124740620
