afk: false
ipAddress: 10.190.65.250
lastAccountName: TTTTTim
logoutlocation:
  pitch: 43.499996
  world: world
  x: 157.7462608434201
  y: 104.0
  yaw: -226.04944
  z: -89.46820574058373
money: '0.0'
timestamps:
  lastteleport: 1414409794446
  login: 1423228551869
  logout: 1423228809150
