ipAddress: 10.141.103.61
lastAccountName: fefty
logoutlocation:
  pitch: 20.099997
  world: world
  x: 19.10142806471719
  y: 68.0
  yaw: 34.171448
  z: 9.031652963232691
timestamps:
  lastteleport: 1408374510310
  login: 1408373985602
  logout: 1408374564003
