ipAddress: 10.12.34.187
lastAccountName: zcj
logoutlocation:
  pitch: -3.6000245
  world: world
  x: 0.48993518487575194
  y: 68.0
  yaw: 189.00215
  z: 0.5282877379399968
timestamps:
  login: 1417662428971
  logout: 1417662434822
