afk: false
ipAddress: 10.190.66.242
lastAccountName: aldslvda
logoutlocation:
  pitch: 17.84996
  world: mczju
  x: -2067.98185991987
  y: 65.0
  yaw: 348.90637
  z: 338.41992156718754
money: '61329.0'
timestamps:
  lastteleport: 1415340861220
  login: 1423235397834
  logout: 1423239174078
