afk: false
ipAddress: 222.205.11.112
lastAccountName: ssyy2
logoutlocation:
  pitch: 45.900093
  world: mczju
  x: -1389.5154257463894
  y: 64.0
  yaw: 105.90088
  z: -83.6251782225945
socialspy: false
timestamps:
  lastteleport: 1419160891331
  login: 1419160494873
  logout: 1419161555578
