ipAddress: 222.205.8.159
lastAccountName: Hoshino
logoutlocation:
  pitch: 15.00001
  world: mczju
  x: 140.24540150103934
  y: 65.0
  yaw: 315.4508
  z: 243.88464953262326
timestamps:
  login: 1420290977986
  logout: 1420291189866
