ipAddress: 222.205.107.63
lastAccountName: mianmian
logoutlocation:
  pitch: 45.299984
  world: world
  x: -126.68388055534858
  y: 62.0
  yaw: -264.46387
  z: 85.04125228908556
socialspy: false
timestamps:
  login: 1401171495965
  logout: 1401176567707
