ipAddress: 10.189.43.37
lastAccountName: Falling
logoutlocation:
  pitch: 21.299997
  world: mczju
  x: -52.30000001192093
  y: 63.0
  yaw: -99.45071
  z: 86.30000001192093
timestamps:
  login: 1422084263321
  logout: 1422084435600
