afk: false
ipAddress: 222.205.34.214
lastAccountName: kakario
logoutlocation:
  pitch: -10.649864
  world: ZJU
  x: 802.0704850969122
  y: 67.31188271554451
  yaw: -261.0011
  z: 140.21477793185238
timestamps:
  lastteleport: 1416117164561
  login: 1416117086725
  logout: 1416117507954
