afk: false
ipAddress: 10.141.31.13
lastAccountName: zhanztx
logoutlocation:
  pitch: 18.558891
  world: mczju
  x: -88.34540892311414
  y: 63.0
  yaw: -285.05743
  z: -147.74208843692804
money: '506.0'
timestamps:
  lastteleport: 1417444460331
  login: 1420988973237
  logout: 1420994567807
