afk: false
ipAddress: 10.171.178.23
lastAccountName: blgbrother
logoutlocation:
  pitch: 0.9000435
  world: world
  x: -468.06195298302646
  y: 63.0
  yaw: 110.81641
  z: 521.0640887037825
timestamps:
  login: 1405502331235
  logout: 1405508099496
