afk: false
ipAddress: 210.32.153.44
lastAccountName: nicolechen235
logoutlocation:
  pitch: -3.0000193
  world: world
  x: -788.5
  y: 56.0
  yaw: -90.15646
  z: 798.5
timestamps:
  login: 1408542031738
  logout: 1408544045411
