ipAddress: 222.205.111.38
lastAccountName: neal
logoutlocation:
  pitch: 29.84998
  world: world
  x: 2.174024272292046
  y: 57.0
  yaw: 98.40186
  z: 40.98719766997531
money: '213.0'
timestamps:
  login: 1413009399289
  logout: 1413009932984
