ipAddress: 222.205.8.254
lastAccountName: mczju
logoutlocation:
  pitch: 0.4499978
  world: mczju
  x: 0.4983115916431722
  y: 64.0
  yaw: -181.2019
  z: 0.49430058283277434
timestamps:
  login: 1420814800068
  logout: 1420814806520
