ipAddress: 10.190.64.54
lastAccountName: profuns
logoutlocation:
  pitch: 42.149826
  world: world
  x: 485.45862626278046
  y: 85.0
  yaw: 179.92761
  z: 1509.695567281934
timestamps:
  login: 1415370034247
  logout: 1415375227251
