ipAddress: 10.190.64.80
lastAccountName: hellow
logoutlocation:
  pitch: 34.200047
  world: mczju
  x: -229.69999998807907
  y: 11.0
  yaw: 276.00064
  z: -342.2290375656313
timestamps:
  login: 1422701776245
  logout: 1422702284626
