ipAddress: 10.180.31.2
lastAccountName: goodsome
logoutlocation:
  pitch: 23.699995
  world: world
  x: 75.35237238005949
  y: 71.0
  yaw: 355.65247
  z: 175.01713009667478
timestamps:
  login: 1409125086934
  logout: 1409125128115
