afk: false
ipAddress: 10.190.65.155
lastAccountName: Old
logoutlocation:
  pitch: -61.04995
  world: mczju
  x: -578.4899183086324
  y: 18.0
  yaw: -162.93298
  z: -2208.9380895578056
timestamps:
  login: 1422887810564
  logout: 1422889392419
