afk: false
ipAddress: 10.171.178.8
lastAccountName: hyy6
logoutlocation:
  pitch: -3.1499813
  world: world
  x: 796.988666408094
  y: 71.0
  yaw: 294.10883
  z: -21.49867681547998
money: '4.0'
timestamps:
  lastteleport: 1415845963345
  login: 1419418821025
  logout: 1419419370083
