ipAddress: 10.189.45.147
lastAccountName: nekto
logoutlocation:
  pitch: 11.699959
  world: world
  x: 2.546935535162137
  y: 68.0
  yaw: 2.5521538
  z: -1.5817530154947559
timestamps:
  login: 1416227199825
  logout: 1416227256510
