ipAddress: 10.180.28.68
lastAccountName: sakuyax
logoutlocation:
  pitch: 74.99998
  world: Resource
  x: -12.883866581920302
  y: 206.0
  yaw: -208.35043
  z: 3.7420806649606675
money: '550.0'
timestamps:
  lastteleport: 1414978939504
  login: 1414978948853
  logout: 1414978974161
