ipAddress: 10.184.38.169
lastAccountName: wentko
logoutlocation:
  pitch: -13.19007
  world: mczju
  x: -26.892260000699817
  y: 21.0
  yaw: 196.35968
  z: -94.30000001192093
timestamps:
  login: 1423137263309
  logout: 1423137484257
