ipAddress: 10.189.186.104
lastAccountName: jian_aI_
logoutlocation:
  pitch: -1.7999967
  world: mczju
  x: 0.4850104866813918
  y: 72.0
  yaw: -173.55078
  z: 0.5544515159877489
money: '28.0'
timestamps:
  login: 1421206614980
  logout: 1421206706130
