afk: false
ipAddress: 10.190.68.227
lastAccountName: Still
logoutlocation:
  pitch: 18.450045
  world: mczju
  x: -156.45776482478922
  y: 70.0
  yaw: -90.30383
  z: -992.3562373974844
money: '12164.0'
timestamps:
  lastteleport: 1419130215257
  login: 1422948538328
  logout: 1422949763476
