ipAddress: 10.15.173.174
lastAccountName: lychee
logoutlocation:
  pitch: 19.799963
  world: world
  x: -136.36069782145051
  y: 71.0
  yaw: -313.35522
  z: 340.0837232409837
socialspy: false
timestamps:
  login: 1397320909467
  logout: 1397323118767
