ipAddress: 10.180.23.45
lastAccountName: moyingai
logoutlocation:
  pitch: 53.39999
  world: mczju
  x: -0.07827368750623416
  y: 64.0
  yaw: 12.299826
  z: 0.3936038640235298
money: '35.0'
timestamps:
  login: 1419181178175
  logout: 1419181394976
