afk: false
ipAddress: 10.189.192.54
lastAccountName: killer
logoutlocation:
  pitch: -35.39997
  world: world
  x: 140.78477999899974
  y: 63.0
  yaw: 162.6003
  z: -277.3062804347848
timestamps:
  login: 1416453351073
  logout: 1416453641579
