afk: false
ipAddress: 222.205.24.41
lastAccountName: jian_sang
logoutlocation:
  pitch: 36.29996
  world: mczju
  x: -546.3979887141907
  y: 74.0
  yaw: -86.09985
  z: 2055.9044936023365
money: '604.0'
timestamps:
  lastteleport: 1419346336809
  login: 1420733376905
  logout: 1420733726184
