afk: false
ipAddress: 10.171.179.221
lastAccountName: fallujah
logoutlocation:
  pitch: 38.250004
  world: world
  x: -1802.8045679677023
  y: 61.0
  yaw: -15.599884
  z: 3.0862837388280013
timestamps:
  login: 1419607906495
  logout: 1419608192486
