ipAddress: 10.180.74.163
lastAccountName: Nostalgia
logoutlocation:
  pitch: 9.90005
  world: mczju
  x: -2000.8748687760583
  y: 63.0
  yaw: -70.35022
  z: -943.9580290997912
timestamps:
  lastteleport: 1421609387867
  login: 1421609881003
  logout: 1421610115737
