ipAddress: 222.205.49.57
lastAccountName: AldsNick
logoutlocation:
  pitch: 4.6499977
  world: mczju
  x: 0.4983115916431722
  y: 64.0
  yaw: -180.6019
  z: 0.49430058283277434
timestamps:
  login: 1419170787581
  logout: 1419170805008
