afk: false
ipAddress: 10.76.0.115
lastAccountName: _matr1x_
logoutlocation:
  pitch: -1.0500674
  world: mczju
  x: 94.8164806207007
  y: 80.0
  yaw: -207.30023
  z: -104.20117277968336
timestamps:
  login: 1422355592056
  logout: 1422356074802
