ipAddress: 222.205.55.249
lastAccountName: gangganglaile
logoutlocation:
  pitch: 12.599986
  world: world
  x: -11.508794148025519
  y: 71.0
  yaw: 289.3501
  z: -98.19400592048613
socialspy: false
timestamps:
  lastteleport: 1394543478047
  login: 1416631216355
  logout: 1416631910797
