ipAddress: 222.205.107.71
lastAccountName: lenhsherr
logoutlocation:
  pitch: -1.9499967
  world: mczju
  x: 0.4850104866813918
  y: 72.0
  yaw: -180.60078
  z: 0.5544515159877489
timestamps:
  login: 1421246415998
  logout: 1421246435702
