afk: false
ipAddress: 10.189.173.5
lastAccountName: hyywestwood
logoutlocation:
  pitch: -6.3000355
  world: world
  x: -30.344173673876895
  y: 63.0
  yaw: -6.2961426
  z: -315.5958729336726
timestamps:
  login: 1422406392978
  logout: 1422407884610
