ipAddress: 222.205.107.124
lastAccountName: minecraftx
logoutlocation:
  pitch: 20.399994
  world: world
  x: -8.189994092507835
  y: 78.0
  yaw: -213.44763
  z: -60.76620635640632
timestamps:
  login: 1417163830556
  logout: 1417165530113
