ipAddress: 10.110.29.64
lastAccountName: tuye2334
logoutlocation:
  pitch: -3.1500247
  world: world
  x: 0.48993518487575194
  y: 68.0
  yaw: 174.30214
  z: 0.5282877379399968
timestamps:
  login: 1413116674324
  logout: 1413116684851
