ipAddress: 10.171.176.71
lastAccountName: wholanz
logoutlocation:
  pitch: 24.300001
  world: world
  x: -27.430269448777253
  y: 68.0
  yaw: 212.82085
  z: -53.73895432658678
timestamps:
  login: 1405322487146
  logout: 1405322183523
