afk: false
ipAddress: 10.190.67.51
lastAccountName: Mortred
logoutlocation:
  pitch: 24.449999
  world: mczju_nether
  x: -2.594721286185545
  y: 64.0625
  yaw: -283.80072
  z: 0.765728541440694
timestamps:
  login: 1422938104474
  logout: 1422940084440
