afk: false
ipAddress: 10.141.52.157
lastAccountName: sabei
logoutlocation:
  pitch: 37.34997
  world: world
  x: -456.6423511836971
  y: 72.0
  yaw: -87.00867
  z: 1523.0245951810725
timestamps:
  login: 1413028066308
  logout: 1413028070806
