ipAddress: 10.190.64.69
lastAccountName: genyankee
logoutlocation:
  pitch: 21.4501
  world: mczju
  x: -290.79654659377485
  y: 66.0
  yaw: -198.60071
  z: -181.59524039838925
timestamps:
  login: 1423072613471
  logout: 1423073111260
