afk: false
ipAddress: 10.190.64.81
lastAccountName: mybesthd
logoutlocation:
  pitch: 21.449965
  world: world
  x: 297.54292891098027
  y: 82.5
  yaw: -219.90366
  z: -143.12586066940935
money: '10826.0'
timestamps:
  lastteleport: 1412972943870
  login: 1415805915810
  logout: 1415806865768
