ipAddress: 10.189.192.23
lastAccountName: dou_s
logoutlocation:
  pitch: 25.950016
  world: world
  x: -285.72249782542997
  y: 65.0
  yaw: -247.49846
  z: 901.2167953940378
timestamps:
  login: 1405600821351
  logout: 1405600821571
