ipAddress: 210.32.164.64
lastAccountName: mcguo
logoutlocation:
  pitch: 4.799979
  world: world
  x: 3.5
  y: 68.0
  yaw: 150.15215
  z: 1.5
timestamps:
  login: 1417942360759
  logout: 1417942507753
