afk: false
ipAddress: 10.171.177.45
lastAccountName: ji_ye
logoutlocation:
  pitch: 90.0
  world: ZJU
  x: -665.618089218833
  y: 159.9972798925173
  yaw: 111.15259
  z: -801.1171900283985
timestamps:
  lastteleport: 1415019292843
  login: 1415687267002
  logout: 1415687283303
