afk: false
ipAddress: 10.190.67.67
lastAccountName: Holy
logoutlocation:
  pitch: 21.599997
  world: mczju
  x: -2002.6580241161873
  y: 63.0
  yaw: -114.00659
  z: -938.5568721339004
money: '32294.0'
timestamps:
  lastteleport: 1419102353663
  login: 1423147900375
  logout: 1423148284661
