afk: false
ipAddress: 222.205.43.16
lastAccountName: ali
logoutlocation:
  pitch: 12.300015
  world: world
  x: 51.44339421878673
  y: 54.0
  yaw: -99.14844
  z: 1517.631335989921
money: '149.0'
timestamps:
  lastteleport: 1417272764290
  login: 1418872686557
  logout: 1418876111998
