ipAddress: 10.189.60.139
lastAccountName: alphanow
logoutlocation:
  pitch: 6.6001086
  world: world
  x: 25.49170078839515
  y: 62.875
  yaw: 14.5520935
  z: 116.7635471228659
timestamps:
  login: 1412045743882
  logout: 1412046299787
