ipAddress: 10.110.64.168
lastAccountName: wat1
logoutlocation:
  pitch: -4.3500247
  world: world
  x: 0.48993518487575194
  y: 68.0
  yaw: 181.05215
  z: 0.5282877379399968
timestamps:
  login: 1409682960331
  logout: 1409682969522
