ipAddress: 10.171.178.147
lastAccountName: stupid
logoutlocation:
  pitch: -7.499981
  world: mczju
  x: -105.70672835785258
  y: 63.0
  yaw: 275.85
  z: -985.2902465791191
timestamps:
  login: 1419403255757
  logout: 1419403716987
