ipAddress: 10.189.60.139
lastAccountName: minecraft
logoutlocation:
  pitch: -62.399994
  world: world
  x: 140.30000001192093
  y: 61.31496940699311
  yaw: 28.049976
  z: -209.30000001192093
socialspy: false
timestamps:
  login: 1412045666667
  logout: 1412045721969
