ipAddress: 10.190.64.55
lastAccountName: yangzi
logoutlocation:
  pitch: 21.89995
  world: mczju
  x: 61.94055080883396
  y: 11.0
  yaw: -76.64959
  z: 2634.762499988079
timestamps:
  login: 1420873287192
  logout: 1420873683557
