ipAddress: 10.190.66.215
lastAccountName: piapiapia
logoutlocation:
  pitch: 3.000006
  world: mczju
  x: -84.22826114999273
  y: 64.0
  yaw: -167.55211
  z: -1008.9631748243712
timestamps:
  login: 1420202862323
  logout: 1420203278225
