ipAddress: 10.189.172.67
lastAccountName: '2000'
logoutlocation:
  pitch: 15.450006
  world: world
  x: -2527.0179048138575
  y: 54.0
  yaw: 158.6997
  z: 1564.7716503809154
timestamps:
  lastteleport: 1419229639677
  login: 1419229625527
  logout: 1419229945710
