afk: false
ipAddress: 10.189.72.151
lastAccountName: chrysanthemum
logoutlocation:
  pitch: 25.05008
  world: mczju
  x: 357.26286381275156
  y: 85.0
  yaw: 225.55817
  z: 426.30333099937707
timestamps:
  login: 1422508935436
  logout: 1422518794968
