afk: false
ipAddress: 10.15.173.174
lastAccountName: nick
logoutlocation:
  pitch: 10.649935
  world: world
  x: -524.9190338201902
  y: 68.0
  yaw: -69.96933
  z: 445.81251031692074
timestamps:
  login: 1409483134894
  logout: 1409483268698
