afk: false
ipAddress: 10.171.176.140
lastAccountName: yzl621
logoutlocation:
  pitch: 27.450035
  world: mczju
  x: -221.77778384525328
  y: 64.0
  yaw: 276.29803
  z: 11.424977763625215
money: '62.0'
timestamps:
  lastteleport: 1419407276213
  login: 1419407547570
  logout: 1419407979932
