ipAddress: 58.196.225.238
lastAccountName: co47_dir
logoutlocation:
  pitch: 26.40008
  world: world
  x: 387.78197448847266
  y: 65.0
  yaw: 189.16602
  z: 649.3606405967956
timestamps:
  login: 1411034989556
  logout: 1411035596645
