ipAddress: 222.205.111.233
lastAccountName: bob
logoutlocation:
  pitch: 0.15004668
  world: world
  x: -68.74103308828242
  y: 71.0
  yaw: 222.0003
  z: 70.5930663048157
timestamps:
  login: 1412668918304
  logout: 1412669878100
