afk: false
ipAddress: 10.180.84.208
lastAccountName: komac
logoutlocation:
  pitch: 44.250008
  world: world
  x: 296.7655959607551
  y: 83.0
  yaw: 3.0001135
  z: -139.07345672425186
timestamps:
  login: 1415456093006
  logout: 1415456205167
