ipAddress: 10.171.177.111
lastAccountName: nobeee
logoutlocation:
  pitch: 14.549687
  world: world
  x: 1853.138095782151
  y: 64.0
  yaw: -122.11067
  z: 203.17389140272016
socialspy: false
timestamps:
  login: 1395761736321
  logout: 1395761750821
