afk: false
ipAddress: 222.205.20.63
lastAccountName: 0A0
logoutlocation:
  pitch: 9.599948
  world: mczju
  x: 777.1135703742967
  y: 63.0
  yaw: -10.051453
  z: -134.93668425784375
timestamps:
  login: 1421768203301
  logout: 1421769025288
