ipAddress: 10.189.46.182
lastAccountName: zqdan
logoutlocation:
  pitch: -0.7499551
  world: world
  x: 289.1078083244386
  y: 77.0
  yaw: 182.85223
  z: 157.33873850581114
money: '4'
timestamps:
  login: 1414055853170
  logout: 1414056760652
