ipAddress: 10.214.129.124
lastAccountName: chu_kochen
logoutlocation:
  pitch: 8.84999
  world: ZJU
  x: 53.15886404147878
  y: 65.0
  yaw: 63.910664
  z: -50.19786365296109
timestamps:
  login: 1414239789827
  logout: 1414239794647
