ipAddress: 222.205.106.101
lastAccountName: conan
logoutlocation:
  pitch: -3.3000247
  world: world
  x: 0.48993518487575194
  y: 68.0
  yaw: 180.90215
  z: 0.5282877379399968
socialspy: false
timestamps:
  login: 1405052005323
  logout: 1405052091665
