afk: false
ipAddress: 10.190.64.236
lastAccountName: Panda0447
logoutlocation:
  pitch: 22.200075
  world: mczju
  x: 2597.571572033767
  y: 63.0
  yaw: -93.74664
  z: 863.4844110724516
money: '7797.0'
timestamps:
  lastteleport: 1412580386003
  login: 1423302515727
  logout: 1423303973835
