ipAddress: 222.205.33.133
lastAccountName: xiaodongzhou
logoutlocation:
  pitch: 24.30005
  world: world
  x: 153.81484802082878
  y: 128.0
  yaw: -89.8438
  z: -301.6956805876751
socialspy: false
timestamps:
  login: 1401811428532
  logout: 1401812558389
