ipAddress: 10.189.130.198
lastAccountName: phosphorus3
lastlocation:
  pitch: 6.4499984
  world: world
  x: 54.92357863379128
  y: 73.0
  yaw: 271.49982
  z: 108.83095117021303
logoutlocation:
  pitch: 15.749941
  world: world
  x: -55.403089546299114
  y: 67.0
  yaw: 219.44995
  z: 133.69260335970688
socialspy: false
timestamps:
  lastteleport: 1396093418698
  login: 1396093277641
  logout: 1396093528963
uuid: 0558e70e-31ef-32a9-b66f-0a2c5bd8b727
