ipAddress: 10.214.50.237
lastAccountName: kingrui2
logoutlocation:
  pitch: -48.59999
  world: world
  x: 13.809058735233041
  y: 68.0
  yaw: 59.703156
  z: -6.671633771643471
timestamps:
  login: 1405065968423
  logout: 1405066030801
uuid: 06177ec0-b4f0-32a6-98cc-b48cd6a7c9bf
