afk: false
ipAddress: 10.15.173.174
lastAccountName: hazumi
lastlocation:
  pitch: 66.90001
  world: world
  x: 87.40900005233887
  y: 54.0
  yaw: -4.499933
  z: 282.8504507391921
logoutlocation:
  pitch: -50.39995
  world: world
  x: 84.03201385818154
  y: 63.0
  yaw: -139.35706
  z: 294.28452098397133
socialspy: false
timestamps:
  lastteleport: 1391234319617
  login: 1411790895256
  logout: 1411791398986
uuid: 0e27e251-d6e5-3b41-9025-c43b64ab189d
