afk: false
ipAddress: 10.171.178.211
lastAccountName: yanmin
logoutlocation:
  pitch: 12.000005
  world: world
  x: 5177.045118610552
  y: 66.0
  yaw: 258.8999
  z: 5131.906557980903
money: '332.0'
timestamps:
  login: 1416489090273
  logout: 1416489205752
uuid: 0fa34d4c-bc0f-3f9c-a977-f220814d0e8a
