ipAddress: 10.180.79.72
lastAccountName: felix
logoutlocation:
  pitch: 72.75004
  world: world
  x: -10.559912145934064
  y: 42.99665558567668
  yaw: 181.05261
  z: 218.03946292231612
timestamps:
  login: 1409924494464
  logout: 1409924498448
uuid: 0ff3a9f9-6516-37bb-97d5-1abd4aa6a1a3
