afk: false
ipAddress: 10.12.220.39
lastAccountName: freetibet
logoutlocation:
  pitch: 11.549992
  world: world
  x: -1.049038575481623
  y: 68.0
  yaw: -207.0
  z: 1.9023268717768436
socialspy: false
timestamps:
  login: 1396945484962
  logout: 1396947514686
uuid: 12f76638-b19b-360d-94e7-f4283ff37276
