afk: false
ipAddress: 10.141.31.105
lastAccountName: dicky
logoutlocation:
  pitch: 16.800032
  world: Resource
  x: 383.190808898339
  y: 51.0
  yaw: 18.90332
  z: -62.990394488903256
money: '610.0'
timestamps:
  login: 1417620961020
  logout: 1417622637943
uuid: 13d57dcd-bb52-3ff3-a105-778b842efe82
