afk: false
ipAddress: 10.180.32.193
lastAccountName: conanstyl
logoutlocation:
  pitch: 31.649979
  world: world
  x: -4923.208949225201
  y: 64.0
  yaw: -95.40002
  z: -4782.7273718373035
timestamps:
  login: 1412059230927
  logout: 1412059250799
uuid: 157a5ca7-40e8-385e-85b2-ec001d3637af
