afk: false
ipAddress: 10.184.21.22
lastAccountName: sun89moon
logoutlocation:
  pitch: 18.192024
  world: Resource
  x: 99.07881135718927
  y: 36.0
  yaw: 46.50879
  z: -30.538444686136327
money: '11894.0'
timestamps:
  login: 1418999796353
  logout: 1419000332070
uuid: 17900e0b-38bf-3636-aa80-13f1c3ba1339
