ipAddress: 10.189.87.170
lastAccountName: edmund
logoutlocation:
  pitch: 10.049972
  world: world
  x: -233.89191104376582
  y: 63.0
  yaw: -260.54764
  z: -74.6999999880791
timestamps:
  login: 1418486068785
  logout: 1418486104736
uuid: 185a1b24-6355-3061-a47a-7eea935e4544
