ipAddress: 10.15.173.174
lastAccountName: owensss
logoutlocation:
  pitch: -2.4000459
  world: world
  x: 70.90358190313421
  y: 68.0
  yaw: -105.1835
  z: -73.26744741046991
socialspy: false
timestamps:
  login: 1413032506446
  logout: 1413033219349
uuid: 1b4ba69a-2262-3e60-8df7-68d34878a172
