afk: false
ipAddress: 10.15.194.83
lastAccountName: muchezi
logoutlocation:
  pitch: 15.75
  world: world
  x: -284.5083450545825
  y: 72.5
  yaw: -179.91956
  z: -620.8152081828887
socialspy: false
timestamps:
  login: 1398847351537
  logout: 1398848434237
uuid: 2a7827c4-eb49-32d3-941a-c08ae239ce9f
