afk: false
ipAddress: 10.15.173.174
lastAccountName: justwe
lastlocation:
  pitch: 10.499996
  world: world
  x: 54.84271771552109
  y: 73.0
  yaw: -91.95022
  z: 108.45568305418368
logoutlocation:
  pitch: 11.549995
  world: world
  x: 8.33977139803098
  y: 68.0
  yaw: -8.239456
  z: 13.688010212755069
money: '24.0'
socialspy: false
timestamps:
  lastteleport: 1396154147040
  login: 1396944248362
  logout: 1396944349462
uuid: 2d5250c1-7267-34a9-9be2-b6f0ed899cd8
