afk: false
ipAddress: 10.15.173.174
lastAccountName: xiansheng
logoutlocation:
  pitch: 19.800112
  world: world
  x: 215.0894181965628
  y: 65.0
  yaw: 342.02686
  z: 1026.7634081110093
timestamps:
  login: 1411872362488
  logout: 1411873106345
uuid: 3334502f-01d6-3185-add0-f931ff44414e
