afk: false
ipAddress: 10.110.64.183
lastAccountName: tokamak3
lastlocation:
  pitch: 12.449996
  world: world
  x: -182.47037572418645
  y: 65.0
  yaw: 340.24414
  z: -62.02869458183469
logoutlocation:
  pitch: 13.349955
  world: Resource
  x: 56.07679574276641
  y: 223.0
  yaw: -204.297
  z: 50.30000001192094
money: '256.0'
socialspy: false
timestamps:
  login: 1395924549166
  logout: 1395928734411
uuid: 3339cd08-0f10-3fdb-b9fc-eac7a8a0f2c1
