ipAddress: 10.180.31.61
lastAccountName: moyin
lastlocation:
  pitch: 14.849978
  world: world
  x: 3.0893605382049163
  y: 124.0
  yaw: -325.50018
  z: -39.61410845551336
logoutlocation:
  pitch: 9.599975
  world: world_nether
  x: 122.69999998807906
  y: 64.0
  yaw: -315.44797
  z: -3.0688006885770394
money: '222.0'
timestamps:
  login: 1418113668466
  logout: 1418119995673
uuid: 341f6acf-9f16-3396-9564-f7e1fc3f4fb0
