afk: false
ipAddress: 210.32.148.131
lastAccountName: smart_tiny
logoutlocation:
  pitch: 3.3000057
  world: world
  x: 980.2679394394318
  y: 52.0
  yaw: 142.23433
  z: -3349.9631541140925
timestamps:
  login: 1417163816955
  logout: 1417165520112
uuid: 35e74c23-86aa-34c6-8eec-0bb915e9f006
