ipAddress: 10.189.170.28
lastAccountName: sun
logoutlocation:
  pitch: -3.4500246
  world: world
  x: 0.48993518487575194
  y: 68.0
  yaw: 182.10214
  z: 0.5282877379399968
timestamps:
  login: 1411041679453
  logout: 1411041727348
uuid: 36ca034a-3da5-38df-98b3-f9552ac91716
