ipAddress: 10.180.79.155
lastAccountName: htimeag
lastlocation:
  pitch: 1.199988
  world: world
  x: 0.400166427119855
  y: 125.0
  yaw: -11.24585
  z: -44.06668742441766
logoutlocation:
  pitch: 20.400108
  world: world
  x: -128.51831188203352
  y: 63.0
  yaw: 117.90222
  z: -353.0749999880791
socialspy: false
timestamps:
  login: 1403771856567
  logout: 1403773523820
uuid: 373561b4-3ca6-3659-8dfe-4fdcd2c0619c
