afk: false
ipAddress: 10.190.64.18
lastAccountName: '8019'
lastlocation:
  pitch: 72.45
  world: Resource
  x: 82.88526111209444
  y: 14.0
  yaw: -265.34973
  z: -260.44641969643266
logoutlocation:
  pitch: -11.700015
  world: world
  x: -242.00078977896015
  y: 50.0
  yaw: -2.8764648
  z: -816.455414488604
money: '390.0'
socialspy: false
timestamps:
  lastteleport: 1415098976998
  login: 1416117479947
  logout: 1416124525876
uuid: 3c6e4e89-1570-37e5-91c2-6ae5c4555e0c
