ipAddress: 222.205.2.149
lastAccountName: hokodo
logoutlocation:
  pitch: 31.799965
  world: world
  x: 101.62510654813435
  y: 164.0
  yaw: -101.99756
  z: 210.4140162690767
timestamps:
  login: 1417956788894
  logout: 1417958462658
uuid: 45d5ddd4-928f-37b5-88be-489745e40882
