afk: false
ipAddress: 222.205.12.203
lastAccountName: pera
lastlocation:
  pitch: 35.09997
  world: world
  x: 0.19122224505665347
  y: 125.0
  yaw: -260.93787
  z: -43.532410624973956
logoutlocation:
  pitch: 20.25007
  world: world
  x: 19.009093931633952
  y: 72.0
  yaw: 10.500533
  z: 1576.1655697102697
money: '974.0'
timestamps:
  lastteleport: 1413360468931
  login: 1418716009854
  logout: 1418717057559
uuid: 490db304-b3c3-34a2-8279-005edca9a9ad
