afk: false
ipAddress: 222.205.15.159
lastAccountName: cyx2
lastlocation:
  pitch: 6.0000167
  world: world
  x: 3.6886854952869754
  y: 73.0
  yaw: 24.300293
  z: -368.0734336628001
logoutlocation:
  pitch: 14.400011
  world: world
  x: -2491.023119730784
  y: 68.0
  yaw: 312.90295
  z: 2804.760718151154
socialspy: false
timestamps:
  lastteleport: 1413032305147
  login: 1418998743981
  logout: 1418998986651
uuid: 4d5058a3-deff-36eb-ab4e-9076593cf9c7
