afk: false
ipAddress: 10.189.196.226
lastAccountName: leonz
logoutlocation:
  pitch: 25.049969
  world: world
  x: 960.8979264614446
  y: 68.5
  yaw: -89.99933
  z: 56.1924490784431
socialspy: false
timestamps:
  login: 1398914960198
  logout: 1398915068967
uuid: 4fcc9fe8-7e22-3960-bd1e-dc13874d8a20
