ipAddress: 10.121.14.72
lastAccountName: asus
logoutlocation:
  pitch: -3.0000246
  world: world
  x: 0.48993518487575194
  y: 68.0
  yaw: 182.85214
  z: 0.5282877379399968
timestamps:
  login: 1410888847726
  logout: 1410888927692
uuid: 4fcd8427-8d0c-399d-a74a-cb52dbcbcf38
