ipAddress: 10.189.45.147
lastAccountName: '0x7fffffff'
logoutlocation:
  pitch: 27.750086
  world: world_nether
  x: 4.785272414004034
  y: 64.0
  yaw: 0.30131364
  z: -170.24013788260064
timestamps:
  login: 1416228072875
  logout: 1416228642827
uuid: 5414ba3f-2c77-334f-9dff-1d710a6ed08d
