ipAddress: 10.180.73.213
lastAccountName: bai_dandan
lastlocation:
  pitch: 56.54999
  world: world
  x: 0.8265109041947558
  y: 124.92159999847412
  yaw: -131.18118
  z: -41.143934190784506
logoutlocation:
  pitch: 19.049866
  world: world
  x: -46.3979354775358
  y: 78.0
  yaw: 169.86526
  z: -42.58184151906251
socialspy: false
timestamps:
  login: 1402405471834
  logout: 1402405506834
uuid: 5426de29-90f4-39ac-bc33-b92eb5abf2ef
