ipAddress: 222.205.99.19
lastAccountName: wo_shi_xiny
logoutlocation:
  pitch: 18.90001
  world: world
  x: -8.567454137291001
  y: 69.0
  yaw: 88.350075
  z: -59.680296814052376
timestamps:
  login: 1414900049641
  logout: 1414900178986
uuid: 55040e11-145a-3dee-b379-5d5f5062ba65
