afk: false
ipAddress: 10.171.179.126
lastAccountName: shadow
logoutlocation:
  pitch: 18.750038
  world: world
  x: 5077.609114808695
  y: 67.0
  yaw: 335.99908
  z: 5162.037981182921
money: '590.0'
timestamps:
  login: 1416577856439
  logout: 1416577871359
uuid: 55576363-a43c-36f6-b83b-ceac7eff7544
