afk: false
ipAddress: 222.205.0.112
lastAccountName: mc_coloku
lastlocation:
  pitch: 62.849987
  world: world
  x: -0.01584574791525381
  y: 125.0
  yaw: -279.30725
  z: -43.375963255276176
logoutlocation:
  pitch: 15.750017
  world: Resource
  x: 155.29868979973554
  y: 12.0
  yaw: -220.0498
  z: -544.1348502601096
money: '3598.0'
timestamps:
  lastteleport: 1412332388753
  login: 1417493729569
  logout: 1417500581764
uuid: 58211f9f-765b-3a6e-a047-561c804b8d63
