afk: false
ipAddress: 210.32.169.40
lastAccountName: uncle_otaku
logoutlocation:
  pitch: 7.349998
  world: world
  x: 150.2814523479372
  y: 72.0
  yaw: -87.62073
  z: 245.66120616765693
timestamps:
  login: 1411659490446
  logout: 1411660329180
uuid: 5937a14e-3433-3593-981b-1bed49a00d1d
