ipAddress: 10.189.79.9
lastAccountName: gay
logoutlocation:
  pitch: 29.399994
  world: world
  x: 318.01249998807907
  y: 64.0
  yaw: -43.799953
  z: -69.30000001192093
timestamps:
  login: 1414856057038
  logout: 1414856111797
uuid: 5dc54b2d-ed3e-31ea-a6fa-c29ae68f3b37
