ipAddress: 10.189.205.45
lastAccountName: ichi
logoutlocation:
  pitch: 36.000095
  world: world
  x: -322.87313493383783
  y: 65.0
  yaw: 268.65
  z: -241.41676517750625
timestamps:
  login: 1410446021607
  logout: 1410447103014
uuid: 63ff2440-6f59-38d0-b56e-e0efa082dd6f
