ipAddress: 10.171.182.4
lastAccountName: heyan
logoutlocation:
  pitch: 12.599975
  world: world
  x: -1.2775877244100968
  y: 69.0
  yaw: 337.5021
  z: -21.309036088284266
timestamps:
  login: 1416927998410
  logout: 1416928060246
uuid: 641b01b9-9897-3d82-8501-77c8ee5f8e67
