ipAddress: 10.171.176.14
lastAccountName: shuiren
lastlocation:
  pitch: 6.4500003
  world: world
  x: 54.83405098196938
  y: 73.0
  yaw: 282.14972
  z: 108.03755264705471
logoutlocation:
  pitch: 15.30006
  world: Resource
  x: 108.34024309917922
  y: 209.0
  yaw: -209.40149
  z: -159.22097164858636
money: '94.0'
socialspy: false
timestamps:
  lastteleport: 1396068403711
  login: 1409751818353
  logout: 1409751837954
uuid: 656fbb01-7107-3d17-8362-08eb2e722b39
