ipAddress: 222.205.20.59
lastAccountName: semiconductor
logoutlocation:
  pitch: 29.249989
  world: world
  x: 1552.5
  y: 75.0999984741211
  yaw: 281.44437
  z: -5496.5
money: '34'
timestamps:
  login: 1412064082528
  logout: 1412075186807
uuid: 66189e99-efd6-3207-a31f-baa5961e729c
