ipAddress: 10.184.33.166
lastAccountName: xiang
logoutlocation:
  pitch: -6.4500127
  world: world
  x: 0.5615767305858177
  y: 68.0
  yaw: 184.35217
  z: -91.22254442856251
timestamps:
  login: 1408239548682
  logout: 1408239737692
uuid: 6a54f11b-a923-3f62-831a-edb6c90cc371
