ipAddress: 10.76.8.52
lastAccountName: armour
logoutlocation:
  pitch: 20.399996
  world: world
  x: 58.82199493476101
  y: 68.0
  yaw: -87.15002
  z: 197.69999998807907
timestamps:
  login: 1417685371059
  logout: 1417686704408
uuid: 73904bfb-d503-3802-95a3-272c326afbe5
