afk: false
ipAddress: 222.205.107.85
lastAccountName: xiny_ynix
logoutlocation:
  pitch: -5.549992
  world: world
  x: 5002.514208879706
  y: 84.0
  yaw: -29.249853
  z: 5321.462087382405
money: '18558.0'
timestamps:
  login: 1417407232982
  logout: 1417407299384
uuid: 73b645e5-e7ea-3a49-9b82-aee0dbd1d489
