ipAddress: 222.205.23.239
lastAccountName: berlin
logoutlocation:
  pitch: 12.750005
  world: world
  x: 90.23119176393469
  y: 67.0
  yaw: -65.78424
  z: -167.7182279890735
money: '4'
timestamps:
  login: 1412684404424
  logout: 1412684770033
uuid: 750353ef-f9fa-359c-acf0-53bf584e76a2
