afk: false
ipAddress: 10.190.66.235
lastAccountName: m_is_you
lastlocation:
  pitch: 9.262635
  world: world
  x: 95.5
  y: 2.0
  yaw: 89.0058
  z: 95.5
logoutlocation:
  pitch: 29.325212
  world: world
  x: -2057.9005221286093
  y: 20.0
  yaw: 359.04315
  z: 1516.5072209177576
money: '19583.97900090099'
socialspy: false
timestamps:
  lastteleport: 1415467467827
  login: 1417450885348
  logout: 1417452310604
uuid: 764edb0e-8c34-335c-b23d-fefd1da73313
