afk: false
ipAddress: 222.205.104.28
lastAccountName: dday
lastlocation:
  pitch: 31.35003
  world: world
  x: 0.483852138162692
  y: 125.0
  yaw: -6.889374
  z: -43.33160257161677
logoutlocation:
  pitch: -42.150032
  world: world
  x: -474.8654123952042
  y: 103.0
  yaw: 294.4436
  z: 79.1837345151641
money: '82.0'
socialspy: false
timestamps:
  login: 1412241527462
  logout: 1412243669226
uuid: 7ad9cd3e-8dff-3747-b6d4-d81a0e6c9203
