ipAddress: 222.205.3.34
lastAccountName: dai2
logoutlocation:
  pitch: 37.500004
  world: world
  x: -2848.375144582696
  y: 63.015625
  yaw: 187.94983
  z: 3774.593448988377
money: '495.0'
timestamps:
  login: 1414903956870
  logout: 1414904187795
uuid: 7e268616-0506-3b98-965f-547d55af2009
