afk: false
ban:
  reason: "\xA74\u5DF2\u5C01\u7981:\n\xA7r \u8FDE\u5E26\uFF0C\u7406\u7531\u89C1tniagrear\u3002"
  timeout: 0
ipAddress: 10.12.74.8
lastAccountName: tigerjang
lastlocation:
  pitch: 14.699919
  world: world
  x: 154.644279505123
  y: 11.0
  yaw: 173.40288
  z: 23.04319557495548
logoutlocation:
  pitch: 5.550009
  world: world
  x: -5.699999988079072
  y: 69.0
  yaw: 243.60022
  z: -26.98028737925316
socialspy: false
timestamps:
  lastteleport: 1393676302564
  login: 1403609249159
  logout: 1403609953082
uuid: 801000ca-1d64-380c-a63e-403268599232
