afk: false
ipAddress: 222.205.31.187
lastAccountName: summer0_0
lastlocation:
  pitch: 70.20004
  world: world
  x: 0.1528151688876142
  y: 125.0
  yaw: -231.3009
  z: -43.84815276766528
logoutlocation:
  pitch: 13.350001
  world: world
  x: 462.6115524345105
  y: 66.0
  yaw: 350.99695
  z: 252.77120593605662
money: '4.0'
timestamps:
  login: 1410930022295
  logout: 1410931883010
uuid: 85973092-d1b8-34f1-bfb3-43f06676d9fa
