ipAddress: 10.171.182.79
lastAccountName: fiamma
logoutlocation:
  pitch: 23.400019
  world: world
  x: -5025.765151540925
  y: 64.0
  yaw: -314.8502
  z: -4173.705512588498
timestamps:
  login: 1414854679138
  logout: 1414854757405
uuid: 885b95ad-e7bd-36da-ad08-ed12f71c0eed
