afk: false
ipAddress: 10.180.77.95
lastAccountName: omensss
lastlocation:
  pitch: 3.1499767
  world: world
  x: 53.770083950395865
  y: 73.0
  yaw: -112.65
  z: 109.48924590225067
logoutlocation:
  pitch: 16.050001
  world: world
  x: -116.86504376142604
  y: 85.0
  yaw: -92.561264
  z: -12.444437970407307
money: '218'
socialspy: false
timestamps:
  lastteleport: 1395749478834
  login: 1401444396523
  logout: 1401445775990
uuid: 892bcf86-eac8-306c-9ce4-2424edfc30e4
