afk: false
ipAddress: 10.15.173.174
lastAccountName: sjjklh
lastlocation:
  pitch: 0.5999979
  world: world
  x: 53.69632598061205
  y: 73.0
  yaw: -48.450226
  z: 106.51511664708933
logoutlocation:
  pitch: -36.150757
  world: ZJU
  x: -865.097697070457
  y: 65.0
  yaw: 189.8706
  z: -225.35155106939825
socialspy: false
timestamps:
  lastteleport: 1395917202831
  login: 1415009306299
  logout: 1415011199374
uuid: 9010ac53-b3ee-3b31-a18c-b66da6bd7e7c
