afk: false
ipAddress: 210.32.145.132
lastAccountName: miro2014
lastlocation:
  pitch: 7.0500126
  world: world
  x: 54.89557115167883
  y: 73.0
  yaw: -105.90023
  z: 109.09123340424493
logoutlocation:
  pitch: 3.149973
  world: world
  x: 251.4485869723063
  y: 88.0
  yaw: 33.56851
  z: -1063.0419540924825
money: '182.0'
socialspy: false
timestamps:
  lastteleport: 1398741073098
  login: 1403087845697
  logout: 1403088785292
uuid: 913bcebd-752c-3122-b553-a7416d91dc02
