afk: false
ipAddress: 10.180.72.47
lastAccountName: lyb
logoutlocation:
  pitch: 27.141825
  world: world
  x: -4458.075127391181
  y: 67.0
  yaw: 57.23584
  z: -4076.398383707055
money: '0.0'
timestamps:
  login: 1418973448596
  logout: 1418982095286
uuid: 93f08ece-cadf-3d7a-b38a-faad82496cf3
