afk: false
ipAddress: 10.15.173.174
lastAccountName: yrzr1
lastlocation:
  pitch: 23.099995
  world: ZJU
  x: 574.1186635283125
  y: 97.52882134367731
  yaw: 191.10005
  z: -271.5827658745872
logoutlocation:
  pitch: 62.84999
  world: ZJU
  x: -21.085373707257563
  y: 144.09668729205487
  yaw: -208.0498
  z: -238.27450893637464
timestamps:
  lastteleport: 1413818341442
  login: 1414548918195
  logout: 1414549584246
uuid: 9b41c495-5829-322d-9e30-3579845cb6b5
