afk: false
ipAddress: 222.205.11.45
lastAccountName: shadow_kid
lastlocation:
  pitch: 4.949927
  world: world
  x: 53.89565529861844
  y: 73.0
  yaw: 266.8499
  z: 108.76462267567256
logoutlocation:
  pitch: 18.449993
  world: world
  x: 589.0378563591638
  y: 68.0
  yaw: -182.70813
  z: 347.51368265361526
money: '48.0'
socialspy: false
timestamps:
  lastteleport: 1395994629869
  login: 1411571086438
  logout: 1411571518134
uuid: 9cfbd530-85f4-3b10-aee6-871529625708
