ipAddress: 222.205.96.130
lastAccountName: conanstyle3
logoutlocation:
  pitch: -3.4500246
  world: world
  x: 0.48993518487575194
  y: 68.0
  yaw: 182.10214
  z: 0.5282877379399968
timestamps:
  login: 1405327498311
  logout: 1405327509635
uuid: 9d72487b-5d3d-3660-a892-35d050dc642f
