ipAddress: 10.189.37.36
lastAccountName: lipest
logoutlocation:
  pitch: 55.500065
  world: Resource
  x: 150.85554742879313
  y: 25.0
  yaw: -187.35046
  z: -550.4478762469234
money: '66'
timestamps:
  login: 1417182113266
  logout: 1417182229783
uuid: 9d8464e7-11b3-36d3-b233-c975d30235f9
