ipAddress: 210.32.185.58
lastAccountName: altar
logoutlocation:
  pitch: -1.2000246
  world: world
  x: 0.48993518487575194
  y: 68.0
  yaw: 182.25212
  z: 0.5282877379399968
timestamps:
  login: 1417245130662
  logout: 1417245148613
uuid: a14bf831-1bcf-3727-b787-bba0fce06bcf
