ipAddress: 10.180.29.69
lastAccountName: chang
logoutlocation:
  pitch: 24.30001
  world: world
  x: -379.1445297218429
  y: 63.0
  yaw: 25.652283
  z: -251.64528995791383
timestamps:
  login: 1411105676899
  logout: 1411105949147
uuid: a2128fe2-4c77-3017-9a02-171c57c7d7cf
