ipAddress: 10.189.177.233
lastAccountName: darksun
logoutlocation:
  pitch: 10.800002
  world: world
  x: 0.42983412508171426
  y: 68.0
  yaw: -28.339518
  z: -1.8141886548574386
timestamps:
  login: 1405096347089
  logout: 1405098004974
uuid: a3690a53-a392-339f-8613-0d8839dc1cb8
