ipAddress: 210.32.173.241
lastAccountName: god_neal
logoutlocation:
  pitch: -3.0000806
  world: ZJU
  x: -97.5495117050666
  y: 66.09564959495634
  yaw: 237.599
  z: 809.0737250516346
timestamps:
  login: 1413689750935
  logout: 1413690918072
uuid: a9f3a8e3-752c-37ac-a4b7-acc44ab1a43c
