ipAddress: 10.12.34.187
lastAccountName: nasty
logoutlocation:
  pitch: -2.2502139
  world: world
  x: 1056.0984759290623
  y: 64.0
  yaw: 169.80934
  z: -604.4739076345027
timestamps:
  login: 1418378195055
  logout: 1418378203256
uuid: b2d1a0c3-49d7-369a-8a45-a71951ea8a9e
