ipAddress: 210.32.173.148
lastAccountName: think
logoutlocation:
  pitch: -3.4500246
  world: world
  x: 0.48993518487575194
  y: 68.0
  yaw: 182.10214
  z: 0.5282877379399968
timestamps:
  login: 1417321916336
  logout: 1417321949988
uuid: bab16c51-1fd7-3f32-94b6-2ced339fe1e8
