ipAddress: 10.15.173.174
lastAccountName: longer
logoutlocation:
  pitch: -3.4500246
  world: world
  x: 0.48993518487575194
  y: 68.0
  yaw: 181.95215
  z: 0.5282877379399968
timestamps:
  login: 1405842948309
  logout: 1405843011125
uuid: bca1fdbb-27ce-3d0b-bc0b-ca58e3e7d534
