ipAddress: 10.184.38.163
lastAccountName: page9
logoutlocation:
  pitch: 19.499996
  world: world
  x: 380.93608503393835
  y: 64.0
  yaw: -13.969116
  z: 151.87593487252013
timestamps:
  login: 1408447178742
  logout: 1408451786027
uuid: bfead0ad-2479-3e36-9dab-2d71fed7461d
