afk: false
ipAddress: 10.214.9.71
lastAccountName: wat08
lastlocation:
  pitch: -12.9
  world: Resource
  x: -57.0
  y: 38.0
  yaw: -7.05
  z: -74.0
logoutlocation:
  pitch: -1.3500339
  world: Resource
  x: 39.30000001192093
  y: 36.0
  yaw: 152.551
  z: 44.59983298037834
money: '5600.0'
timestamps:
  lastteleport: 1407929710933
  login: 1413457101400
  logout: 1413457823774
uuid: c7f06dd8-1126-33e6-b790-5df178e880ec
