ipAddress: 10.180.21.205
lastAccountName: conanstyle2
logoutlocation:
  pitch: -3.4500246
  world: world
  x: 0.48993518487575194
  y: 68.0
  yaw: 182.10214
  z: 0.5282877379399968
timestamps:
  login: 1411124827465
  logout: 1411124829871
uuid: cabdef9d-7b07-3985-9ce6-22d56d01b1ac
