ipAddress: 10.190.64.54
lastAccountName: profuns
lastlocation:
  pitch: 3.7499545
  world: world
  x: 18.54219370652646
  y: 82.0
  yaw: 5.1021423
  z: 5.157092860354901
logoutlocation:
  pitch: 42.149826
  world: world
  x: 485.45862626278046
  y: 85.0
  yaw: 179.92761
  z: 1509.695567281934
timestamps:
  login: 1415370034247
  logout: 1415375227251
uuid: cc7cadb7-5364-315a-8a82-286ac0388e95
