ipAddress: 10.180.28.68
lastAccountName: sakuyax
lastlocation:
  pitch: 19.950008
  world: Resource
  x: -12.956768371978137
  y: 189.0059997081774
  yaw: -179.5502
  z: 3.5689530700782743
logoutlocation:
  pitch: 74.99998
  world: Resource
  x: -12.883866581920302
  y: 206.0
  yaw: -208.35043
  z: 3.7420806649606675
money: '550.0'
timestamps:
  lastteleport: 1414978939504
  login: 1414978948853
  logout: 1414978974161
uuid: d3fc123b-6735-3d94-b88f-65159180c171
