ipAddress: 10.189.53.99
lastAccountName: 9_degree
logoutlocation:
  pitch: 0.32110873
  world: world
  x: -8.365885506762787
  y: 68.0
  yaw: 31.72167
  z: -25.031834058457807
socialspy: false
timestamps:
  login: 1395827278546
  logout: 1395827326446
uuid: da9722f1-5031-367c-a6a9-7f4e78e67d0c
