ipAddress: 222.205.104.51
lastAccountName: watchmaker
logoutlocation:
  pitch: -43.20019
  world: world
  x: -34.537810968904076
  y: 73.0
  yaw: -214.94739
  z: -327.5755443264283
timestamps:
  login: 1415543296115
  logout: 1415543626896
uuid: db7fdaaa-19e4-3ba2-9750-bf98e7757809
