afk: false
ipAddress: 222.205.51.221
lastAccountName: 18_9_c
logoutlocation:
  pitch: 26.84999
  world: Resource
  x: -4.962723866364174
  y: 217.5
  yaw: 213.89995
  z: 34.355580219861146
money: '160.0'
timestamps:
  login: 1414565582153
  logout: 1414566173087
uuid: dd08521b-db75-3e79-888f-08cbcb1c3f23
