ipAddress: 10.180.67.44
lastAccountName: nostalgia
logoutlocation:
  pitch: 11.549981
  world: world
  x: 1.3033832405472712
  y: 68.0
  yaw: -188.698
  z: -1.8444712932103347
timestamps:
  login: 1415435898551
  logout: 1415436181310
uuid: dff967d1-0932-352d-b451-a498f83790c7
