afk: false
ipAddress: 10.76.0.115
lastAccountName: _matr1x_
lastlocation:
  pitch: 20.39999
  world: world
  x: -0.46842047194551045
  y: 125.0
  yaw: -129.00049
  z: -43.173823222999644
logoutlocation:
  pitch: 1.6500114
  world: world
  x: 413.69999998807907
  y: 64.0
  yaw: 261.00003
  z: 499.6866500386341
timestamps:
  login: 1412666913552
  logout: 1412667346409
uuid: e1fe8636-c9fd-37c1-b420-be7c73f66e6a
