ipAddress: 210.32.168.211
lastAccountName: mc0zju
logoutlocation:
  pitch: 5.3999743
  world: world
  x: -149.2725936154767
  y: 66.0
  yaw: 103.95181
  z: 839.9938246353315
timestamps:
  login: 1411817182706
  logout: 1411817878271
uuid: e380d350-9b74-39e4-a4a2-bcd36aef9bc9
