ipAddress: 10.189.36.89
lastAccountName: birdlet
logoutlocation:
  pitch: 25.34999
  world: world
  x: -1423.300000011921
  y: 77.0
  yaw: 280.8003
  z: -576.4462343061878
timestamps:
  login: 1412956201618
  logout: 1412960392780
uuid: ee403fda-cb48-3244-a137-f9190fc0482e
