ipAddress: 222.205.10.114
lastAccountName: st0rm23
logoutlocation:
  pitch: 17.399988
  world: world
  x: 16.893443967036603
  y: 20.0
  yaw: -288.0788
  z: 182.4452508304687
timestamps:
  login: 1409221840176
  logout: 1409221852217
uuid: f212c195-1feb-3621-b511-0eeab4ab43df
