afk: false
ipAddress: 222.205.108.67
lastAccountName: panda0447
lastlocation:
  pitch: 41.849995
  world: world
  x: 0.5982752027230802
  y: 125.0
  yaw: -2.8477783
  z: -43.353263001494454
logoutlocation:
  pitch: 0.59996545
  world: world
  x: 5409.175800144651
  y: 68.875
  yaw: -110.09995
  z: -907.7238268373219
money: '7797.0'
timestamps:
  lastteleport: 1412580386003
  login: 1417332156417
  logout: 1417337239688
uuid: fefd2de2-d1b1-3348-b2af-fd3072b1de8c
